FlightNumber,IsDeparting,Destination,Origin,ArrivalTime,OffTime,ArrivalTimeMinutes,OffTimeMinutes,ArrivalTimeActual,OffTimeActual,ArrivalTimeActualMinutes,OffTimeActualMinutes,Aircraft,FlightType,PassengersArr,PassengersDept,DepGate,ArrGate,SchedDepLocal,SchedArrLocal,OutGateLocal,InGateLocal,SchedDepUtc,SchedArrUtc,OutGateUtc,InGateUtc,TailNumber,num_connecting_pax,flight_index,OptDepGate,OptArrGate
AA890,N,DFW,CLT,18,48,18,48,49,48,49.0,1488.0,,,0,0,,C37,2016-05-02 22:30:00,2016-05-03 00:18:00,2016-05-02 22:35:00,2016-05-03 00:49:00,150,318,2016-05-03 02:35,2016-05-03 05:49,N580UW,0,1,,A8
AA91,N,DFW,ORD,39,109,39,69,31,109,31.0,69.0,2.0,,150,0,,A10,2016-05-02 22:10:00,2016-05-03 00:39:00,2016-05-02 22:11:00,2016-05-03 00:31:00,190,339,2016-05-03 03:11,2016-05-03 05:31,N922AN,0,2,,C26
AA464,N,DFW,PHX,204,234,124,154,144,234,104.0,154.0,,,-1,0,,C35,2016-05-02 21:50:00,2016-05-03 02:04:00,2016-05-02 21:46:00,2016-05-03 01:44:00,290,424,2016-05-03 04:46,2016-05-03 06:44,N551UW,1,3,,A39
AA1403,Y,MIA,DFW,330,500,210,300,330,537,210.0,337.0,2.0,Domestic,0,150,C8,,2016-05-02 05:00:00,2016-05-02 08:45:00,2016-05-02 05:37:00,2016-05-02 09:05:00,600,765,2016-05-02 10:37,2016-05-02 13:05,N382AN,0,4,B10,
AA90,Y,ORD,DFW,340,510,220,310,340,547,220.0,347.0,2.0,Domestic,0,150,C12,,2016-05-02 05:10:00,2016-05-02 07:29:00,2016-05-02 05:47:00,2016-05-02 07:58:00,610,749,2016-05-02 10:47,2016-05-02 12:58,N70504,0,5,C22,
AA835,Y,CLT,DFW,344,514,224,314,344,539,224.0,339.0,2.0,Domestic,0,150,C37,,2016-05-02 05:14:00,2016-05-02 08:43:00,2016-05-02 05:39:00,2016-05-02 09:02:00,614,763,2016-05-02 10:39,2016-05-02 13:02,N185UW,0,6,C21,
AA465,Y,PHX,DFW,430,600,270,360,430,604,270.0,364.0,2.0,Domestic,0,149,C35,,2016-05-02 06:00:00,2016-05-02 06:34:00,2016-05-02 06:04:00,2016-05-02 06:45:00,660,814,2016-05-02 11:04,2016-05-02 13:45,N170US,1,7,A11,
AA2336,Y,MIA,DFW,440,610,280,370,440,605,280.0,365.0,2.0,Domestic,0,137,A36,,2016-05-02 06:10:00,2016-05-02 09:56:00,2016-05-02 06:05:00,2016-05-02 09:41:00,670,836,2016-05-02 11:05,2016-05-02 13:41,N182AN,13,8,B29,
AA1316,Y,PHL,DFW,445,615,285,375,445,620,285.0,380.0,2.0,Domestic,0,142,A13,,2016-05-02 06:15:00,2016-05-02 10:26:00,2016-05-02 06:20:00,2016-05-02 10:15:00,675,866,2016-05-02 11:20,2016-05-02 14:15,N146AA,8,9,B9,
AA2181,Y,MIA,DFW,459,629,299,389,459,654,299.0,414.0,2.0,Domestic,0,142,C26,,2016-05-02 06:29:00,2016-05-02 10:16:00,2016-05-02 06:54:00,2016-05-02 10:33:00,689,856,2016-05-02 11:54,2016-05-02 14:33,N9023N,8,10,C11,
AA1738,N,DFW,PHX,503,700,303,420,527,700,327.0,420.0,2.0,,64,0,,C29,2016-05-02 00:50:00,2016-05-02 05:03:00,2016-05-02 00:47:00,2016-05-02 05:27:00,470,603,2016-05-02 07:47,2016-05-02 10:27,N194UW,86,11,,A13
AA2064,Y,CLT,DFW,503,700,303,420,527,700,327.0,420.0,2.0,Domestic,0,126,C29,,2016-05-02 07:00:00,2016-05-02 10:35:00,2016-05-02 07:00:00,2016-05-02 10:42:00,720,875,2016-05-02 12:00,2016-05-02 14:42,N194UW,24,12,A13,
AA2213,Y,LGA,DFW,510,640,310,400,510,642,310.0,402.0,2.0,Domestic,0,107,A8,,2016-05-02 06:40:00,2016-05-02 11:03:00,2016-05-02 06:42:00,2016-05-02 10:50:00,700,903,2016-05-02 11:42,2016-05-02 14:50,N970NN,43,13,A34,
AA6,N,DFW,OGG,517,547,317,347,442,547,282.0,347.0,1.0,,192,0,,C4,2016-05-02 17:00:00,2016-05-03 05:17:00,2016-05-02 16:47:00,2016-05-03 04:42:00,180,617,2016-05-03 02:47,2016-05-03 09:42,N394AN,108,14,,A14
AA323,Y,STL,DFW,530,700,330,420,530,657,330.0,417.0,2.0,Domestic,0,109,C28,,2016-05-02 07:00:00,2016-05-02 08:42:00,2016-05-02 06:57:00,2016-05-02 08:36:00,720,822,2016-05-02 11:57,2016-05-02 13:36,N475AA,41,15,A33,
AA1343,Y,CUN,DFW,530,700,330,420,530,652,330.0,412.0,,,0,0,C6,,2016-05-02 07:00:00,2016-05-02 09:41:00,2016-05-02 06:52:00,2016-05-02 09:25:00,720,881,2016-05-02 11:52,2016-05-02 14:25,N852NN,0,16,B1,
AA2320,Y,ORD,DFW,530,700,330,420,530,657,330.0,417.0,2.0,Domestic,0,135,C15,,2016-05-02 07:00:00,2016-05-02 09:25:00,2016-05-02 06:57:00,2016-05-02 09:23:00,720,865,2016-05-02 11:57,2016-05-02 14:23,N434AA,15,17,A22,
AA1331,Y,CLE,DFW,530,700,330,420,530,656,330.0,416.0,2.0,Domestic,0,117,C14,,2016-05-02 07:00:00,2016-05-02 10:37:00,2016-05-02 06:56:00,2016-05-02 10:14:00,720,877,2016-05-02 11:56,2016-05-02 14:14,N7528A,33,18,A24,
AA1004,Y,AUS,DFW,530,700,330,420,530,704,330.0,424.0,2.0,Domestic,0,126,C31,,2016-05-02 07:00:00,2016-05-02 08:03:00,2016-05-02 07:04:00,2016-05-02 08:10:00,720,783,2016-05-02 12:04,2016-05-02 13:10,N9622A,24,19,A35,
AA1211,Y,BOS,DFW,535,705,335,425,535,706,335.0,426.0,2.0,Domestic,0,104,A29,,2016-05-02 07:05:00,2016-05-02 11:46:00,2016-05-02 07:06:00,2016-05-02 11:55:00,725,946,2016-05-02 12:06,2016-05-02 15:55,N978AN,46,20,A29,
AA2412,Y,SAT,DFW,535,705,335,425,535,700,335.0,420.0,2.0,Domestic,0,121,C11,,2016-05-02 07:05:00,2016-05-02 08:16:00,2016-05-02 07:00:00,2016-05-02 08:09:00,725,796,2016-05-02 12:00,2016-05-02 13:09,N968TW,29,21,C31,
AA2508,Y,BWI,DFW,535,705,335,425,535,717,335.0,437.0,2.0,Domestic,0,100,A19,,2016-05-02 07:05:00,2016-05-02 11:07:00,2016-05-02 07:17:00,2016-05-02 11:20:00,725,907,2016-05-02 12:17,2016-05-02 15:20,N903AN,50,22,C33,
AA2255,Y,MCO,DFW,535,705,335,425,535,702,335.0,422.0,2.0,Domestic,0,114,A16,,2016-05-02 07:05:00,2016-05-02 10:43:00,2016-05-02 07:02:00,2016-05-02 10:31:00,725,883,2016-05-02 12:02,2016-05-02 14:31,N959NN,36,23,C8,
AA2488,Y,TPA,DFW,535,705,335,425,535,703,335.0,423.0,2.0,Domestic,0,99,C30,,2016-05-02 07:05:00,2016-05-02 10:31:00,2016-05-02 07:03:00,2016-05-02 10:37:00,725,871,2016-05-02 12:03,2016-05-02 14:37,N9630A,51,24,C20,
AA1302,Y,FLL,DFW,540,710,340,430,540,707,340.0,427.0,2.0,Domestic,0,106,A18,,2016-05-02 07:10:00,2016-05-02 10:59:00,2016-05-02 07:07:00,2016-05-02 10:43:00,730,899,2016-05-02 12:07,2016-05-02 14:43,N840NN,44,25,C7,
AA952,Y,EWR,DFW,540,710,340,430,540,711,340.0,431.0,2.0,Domestic,0,114,A17,,2016-05-02 07:10:00,2016-05-02 11:38:00,2016-05-02 07:11:00,2016-05-02 11:37:00,730,938,2016-05-02 12:11,2016-05-02 15:37,N924AN,36,26,B40,
AA2603,Y,ATL,DFW,540,710,340,430,540,708,340.0,428.0,2.0,Domestic,0,123,C22,,2016-05-02 07:10:00,2016-05-02 10:18:00,2016-05-02 07:08:00,2016-05-02 10:11:00,730,858,2016-05-02 12:08,2016-05-02 14:11,N9615W,27,27,A36,
AA1062,Y,MCI,DFW,540,710,340,430,540,707,340.0,427.0,2.0,Domestic,0,126,C27,,2016-05-02 07:10:00,2016-05-02 08:46:00,2016-05-02 07:07:00,2016-05-02 08:31:00,730,826,2016-05-02 12:07,2016-05-02 13:31,N9620D,24,28,C10,
AA1298,Y,SNA,DFW,545,715,345,435,545,710,345.0,430.0,2.0,Domestic,0,137,A14,,2016-05-02 07:15:00,2016-05-02 08:32:00,2016-05-02 07:10:00,2016-05-02 08:31:00,735,932,2016-05-02 12:10,2016-05-02 15:31,N953NN,13,29,C21,
AA1375,Y,LAS,DFW,545,715,345,435,545,712,345.0,432.0,2.0,Domestic,0,134,C21,,2016-05-02 07:15:00,2016-05-02 08:16:00,2016-05-02 07:12:00,2016-05-02 08:24:00,735,916,2016-05-02 12:12,2016-05-02 15:24,N991AN,16,30,B10,
AA3189,Y,VPS,DFW,545,715,345,435,545,710,345.0,430.0,3.0,Domestic,0,75,B12,,2016-05-02 07:15:00,2016-05-02 09:16:00,2016-05-02 07:10:00,2016-05-02 09:30:00,735,856,2016-05-02 12:10,2016-05-02 14:30,N225NN,0,31,B12,
AA1252,Y,PIT,DFW,545,715,345,435,545,711,345.0,431.0,2.0,Domestic,0,97,C2,,2016-05-02 07:15:00,2016-05-02 10:54:00,2016-05-02 07:11:00,2016-05-02 10:59:00,735,894,2016-05-02 12:11,2016-05-02 14:59,N484AA,53,32,C19,
AA2491,Y,SAN,DFW,545,710,345,430,602,714,362.0,434.0,2.0,Domestic,0,135,A15,,2016-05-02 07:10:00,2016-05-02 08:20:00,2016-05-02 07:14:00,2016-05-02 08:43:00,730,920,2016-05-02 12:14,2016-05-02 15:43,N143AN,15,33,A10,
AA2532,Y,MSP,DFW,545,715,345,435,545,709,345.0,429.0,2.0,Domestic,0,106,C10,,2016-05-02 07:15:00,2016-05-02 09:37:00,2016-05-02 07:09:00,2016-05-02 09:33:00,735,877,2016-05-02 12:09,2016-05-02 14:33,N467AA,44,34,B11,
AA185,N,DFW,LAS,545,710,345,430,602,714,362.0,434.0,2.0,,6,0,,A15,2016-05-02 00:58:00,2016-05-02 05:45:00,2016-05-02 00:58:00,2016-05-02 06:02:00,478,645,2016-05-02 07:58,2016-05-02 11:02,N143AN,144,35,,A10
AA2332,Y,ORD,DFW,600,730,360,450,600,741,360.0,461.0,2.0,Domestic,0,136,C20,,2016-05-02 07:30:00,2016-05-02 09:53:00,2016-05-02 07:41:00,2016-05-02 09:57:00,750,893,2016-05-02 12:41,2016-05-02 14:57,N481AA,14,36,C22,
AA614,Y,PHX,DFW,600,705,360,425,605,702,365.0,422.0,2.0,Domestic,0,141,C37,,2016-05-02 07:05:00,2016-05-02 07:45:00,2016-05-02 07:02:00,2016-05-02 07:45:00,725,885,2016-05-02 12:02,2016-05-02 14:45,N179UW,9,37,A11,
AA306,Y,IND,DFW,600,730,360,450,600,727,360.0,447.0,2.0,Domestic,0,103,C17,,2016-05-02 07:30:00,2016-05-02 10:35:00,2016-05-02 07:27:00,2016-05-02 10:44:00,750,875,2016-05-02 12:27,2016-05-02 14:44,N483A,47,38,A37,
AA1104,Y,LGA,DFW,600,730,360,450,600,731,360.0,451.0,2.0,Domestic,0,100,A10,,2016-05-02 07:30:00,2016-05-02 11:55:00,2016-05-02 07:31:00,2016-05-02 11:55:00,750,955,2016-05-02 12:31,2016-05-02 15:55,N920AN,50,39,A20,
AA614,N,DFW,SFO,600,705,360,425,605,702,365.0,422.0,2.0,Domestic,11,0,,C37,2016-05-02 00:25:00,2016-05-02 06:00:00,2016-05-02 00:23:00,2016-05-02 06:05:00,445,660,2016-05-02 07:23,2016-05-02 11:05,N179UW,139,40,,A11
AA2275,Y,DSM,DFW,600,730,360,450,600,749,360.0,469.0,2.0,Domestic,0,123,C24,,2016-05-02 07:30:00,2016-05-02 09:19:00,2016-05-02 07:49:00,2016-05-02 09:27:00,750,859,2016-05-02 12:49,2016-05-02 14:27,N9621A,27,41,A21,
AA2374,Y,DEN,DFW,603,715,363,435,606,711,366.0,431.0,2.0,Domestic,0,140,A20,,2016-05-02 07:15:00,2016-05-02 08:22:00,2016-05-02 07:11:00,2016-05-02 08:31:00,735,862,2016-05-02 12:11,2016-05-02 14:31,N137AA,10,42,A23,
AA1230,N,DFW,SEA,603,715,363,435,606,711,366.0,431.0,2.0,,9,0,,A20,2016-05-02 00:10:00,2016-05-02 06:03:00,2016-05-02 00:07:00,2016-05-02 06:06:00,430,663,2016-05-02 07:07,2016-05-02 11:06,N137AA,141,43,,A23
AA3179,N,DFW,OKC,604,634,364,394,551,634,351.0,394.0,3.0,,75,0,,B31,2016-05-02 05:00:00,2016-05-02 06:04:00,2016-05-02 04:48:00,2016-05-02 05:51:00,600,664,2016-05-02 09:48,2016-05-02 10:51,N539EA,0,44,,C27
AA2186,Y,SJU,DFW,608,705,368,425,614,701,374.0,421.0,2.0,Domestic,0,94,A33,,2016-05-02 07:05:00,2016-05-02 12:44:00,2016-05-02 07:01:00,2016-05-02 12:27:00,725,1004,2016-05-02 12:01,2016-05-02 16:27,N817NN,56,45,A38,
AA1102,N,DFW,AUS,608,705,368,425,614,701,374.0,421.0,2.0,,-1,0,,A33,2016-05-02 05:05:00,2016-05-02 06:08:00,2016-05-02 05:01:00,2016-05-02 06:14:00,605,668,2016-05-02 10:01,2016-05-02 11:14,N817NN,151,46,,A38
AA5723,N,DFW,LBB,611,700,371,420,556,659,356.0,419.0,3.0,,75,0,,B26,2016-05-02 05:00:00,2016-05-02 06:11:00,2016-05-02 04:54:00,2016-05-02 05:56:00,600,671,2016-05-02 09:54,2016-05-02 10:56,N245LR,0,47,,B6
AA5782,Y,JAX,DFW,611,700,371,420,556,659,356.0,419.0,3.0,Domestic,0,75,B26,,2016-05-02 07:00:00,2016-05-02 10:28:00,2016-05-02 06:59:00,2016-05-02 10:21:00,720,868,2016-05-02 11:59,2016-05-02 14:21,N245LR,0,48,B6,
AA8,N,DFW,HNL,615,645,375,405,605,645,365.0,405.0,1.0,,186,0,,A24,2016-05-02 17:40:00,2016-05-03 06:15:00,2016-05-02 17:33:00,2016-05-03 06:05:00,220,675,2016-05-03 03:33,2016-05-03 11:05,N377AN,114,49,,A15
AA2180,Y,CMH,DFW,617,715,377,435,609,710,369.0,430.0,2.0,Domestic,0,106,C19,,2016-05-02 07:15:00,2016-05-02 10:39:00,2016-05-02 07:10:00,2016-05-02 10:21:00,735,879,2016-05-02 12:10,2016-05-02 14:21,N9405T,44,50,A14,
AA3524,Y,DAY,DFW,617,710,377,430,613,707,373.0,427.0,3.0,Domestic,0,75,B30,,2016-05-02 07:10:00,2016-05-02 10:30:00,2016-05-02 07:07:00,2016-05-02 10:50:00,730,870,2016-05-02 12:07,2016-05-02 14:50,N907AE,0,51,B9,
AA5735,Y,MKE,DFW,617,715,377,435,609,714,369.0,434.0,3.0,Domestic,0,75,B49,,2016-05-02 07:15:00,2016-05-02 09:36:00,2016-05-02 07:14:00,2016-05-02 09:36:00,735,876,2016-05-02 12:14,2016-05-02 14:36,N956LR,0,52,C12,
AA5823,N,DFW,AMA,617,715,377,435,609,714,369.0,434.0,3.0,,75,0,,B49,2016-05-02 05:00:00,2016-05-02 06:17:00,2016-05-02 04:53:00,2016-05-02 06:09:00,600,677,2016-05-02 09:53,2016-05-02 11:09,N956LR,0,53,,C12
AA2244,N,DFW,IAH,617,715,377,435,609,710,369.0,430.0,2.0,,77,0,,C19,2016-05-02 05:00:00,2016-05-02 06:17:00,2016-05-02 04:59:00,2016-05-02 06:09:00,600,677,2016-05-02 09:59,2016-05-02 11:09,N9405T,73,54,,A14
AA3255,N,DFW,TYR,617,710,377,430,613,707,373.0,427.0,3.0,,75,0,,B30,2016-05-02 05:21:00,2016-05-02 06:17:00,2016-05-02 05:19:00,2016-05-02 06:13:00,621,677,2016-05-02 10:19,2016-05-02 11:13,N907AE,0,55,,B9
AA1255,N,DFW,TUL,617,705,377,425,616,703,376.0,423.0,2.0,,56,0,,C16,2016-05-02 05:05:00,2016-05-02 06:17:00,2016-05-02 05:02:00,2016-05-02 06:16:00,605,677,2016-05-02 10:02,2016-05-02 11:16,N9625W,94,56,,A16
AA1160,Y,RDU,DFW,617,705,377,425,616,703,376.0,423.0,2.0,Domestic,0,93,C16,,2016-05-02 07:05:00,2016-05-02 10:47:00,2016-05-02 07:03:00,2016-05-02 10:38:00,725,887,2016-05-02 12:03,2016-05-02 14:38,N9625W,57,57,A16,
AA3336,N,DFW,XNA,617,705,377,425,628,702,388.0,422.0,3.0,,75,0,,B6,2016-05-02 05:00:00,2016-05-02 06:17:00,2016-05-02 05:02:00,2016-05-02 06:28:00,600,677,2016-05-02 10:02,2016-05-02 11:28,N224NN,0,58,,C28
AA3158,Y,HOU,DFW,617,705,377,425,628,702,388.0,422.0,3.0,Domestic,0,75,B6,,2016-05-02 07:05:00,2016-05-02 08:21:00,2016-05-02 07:02:00,2016-05-02 08:15:00,725,801,2016-05-02 12:02,2016-05-02 13:15,N224NN,0,59,C28,
AA3473,Y,PNS,DFW,618,700,378,420,615,655,375.0,415.0,3.0,Domestic,0,75,B28,,2016-05-02 07:00:00,2016-05-02 08:50:00,2016-05-02 06:55:00,2016-05-02 08:46:00,720,830,2016-05-02 11:55,2016-05-02 13:46,N645AE,0,60,B7,
AA3642,N,DFW,CLL,618,700,378,420,615,655,375.0,415.0,3.0,,75,0,,B28,2016-05-02 05:15:00,2016-05-02 06:18:00,2016-05-02 05:08:00,2016-05-02 06:15:00,615,678,2016-05-02 10:08,2016-05-02 11:15,N645AE,0,61,,B7
AA2801,Y,TYS,DFW,619,715,379,435,602,710,362.0,430.0,3.0,Domestic,0,58,B27,,2016-05-02 07:15:00,2016-05-02 10:26:00,2016-05-02 07:10:00,2016-05-02 10:25:00,735,866,2016-05-02 12:10,2016-05-02 14:25,N864JW,17,62,C30,
AA5659,Y,HSV,DFW,619,700,379,420,622,659,382.0,419.0,3.0,Domestic,0,75,B42,,2016-05-02 07:00:00,2016-05-02 08:49:00,2016-05-02 06:59:00,2016-05-02 08:57:00,720,829,2016-05-02 11:59,2016-05-02 13:57,N246LR,0,63,C24,
AA2803,Y,TUL,DFW,619,715,379,435,633,715,393.0,435.0,3.0,Domestic,0,55,B29,,2016-05-02 07:15:00,2016-05-02 08:26:00,2016-05-02 07:15:00,2016-05-02 08:31:00,735,806,2016-05-02 12:15,2016-05-02 13:31,N678AE,20,64,A19,
AA5718,N,DFW,MAF,619,700,379,420,622,659,382.0,419.0,3.0,,75,0,,B42,2016-05-02 05:00:00,2016-05-02 06:19:00,2016-05-02 04:54:00,2016-05-02 06:22:00,600,679,2016-05-02 09:54,2016-05-02 11:22,N246LR,0,65,,C24
AA2861,N,DFW,SPS,619,715,379,435,633,715,393.0,435.0,3.0,,34,0,,B29,2016-05-02 05:27:00,2016-05-02 06:19:00,2016-05-02 05:50:00,2016-05-02 06:33:00,627,679,2016-05-02 10:50,2016-05-02 11:33,N678AE,41,66,,A19
AA2801,N,DFW,LAW,619,715,379,435,602,710,362.0,430.0,3.0,Domestic,31,0,,B27,2016-05-02 05:25:00,2016-05-02 06:19:00,2016-05-02 05:17:00,2016-05-02 06:02:00,625,679,2016-05-02 10:17,2016-05-02 11:02,N864JW,44,67,,C30
AA3431,N,DFW,ABI,621,715,381,435,617,715,377.0,435.0,3.0,Domestic,75,0,,B32,2016-05-02 05:30:00,2016-05-02 06:21:00,2016-05-02 05:21:00,2016-05-02 06:17:00,630,681,2016-05-02 10:21,2016-05-02 11:17,N698CB,0,68,,C14
AA3431,Y,OKC,DFW,621,715,381,435,617,715,377.0,435.0,3.0,Domestic,0,75,B32,,2016-05-02 07:15:00,2016-05-02 08:18:00,2016-05-02 07:15:00,2016-05-02 08:31:00,735,798,2016-05-02 12:15,2016-05-02 13:31,N698CB,0,69,C14,
AA5899,Y,MEM,DFW,623,715,383,435,620,727,380.0,447.0,3.0,Domestic,0,75,B41,,2016-05-02 07:15:00,2016-05-02 08:49:00,2016-05-02 07:27:00,2016-05-02 08:59:00,735,829,2016-05-02 12:27,2016-05-02 13:59,N917FJ,0,70,B29,
AA5715,N,DFW,FSM,623,715,383,435,620,727,380.0,447.0,3.0,,75,0,,B41,2016-05-02 05:08:00,2016-05-02 06:23:00,2016-05-02 05:00:00,2016-05-02 06:20:00,608,683,2016-05-02 10:00,2016-05-02 11:20,N917FJ,0,71,,B29
AA5892,Y,IAH,DFW,624,705,384,425,631,707,391.0,427.0,3.0,Domestic,0,75,B45,,2016-05-02 07:05:00,2016-05-02 08:20:00,2016-05-02 07:07:00,2016-05-02 08:21:00,725,800,2016-05-02 12:07,2016-05-02 13:21,N909FJ,0,72,C29,
AA5814,N,DFW,ICT,624,705,384,425,631,707,391.0,427.0,3.0,,75,0,,B45,2016-05-02 05:00:00,2016-05-02 06:24:00,2016-05-02 04:56:00,2016-05-02 06:31:00,600,684,2016-05-02 09:56,2016-05-02 11:31,N909FJ,0,73,,C29
AA2813,N,DFW,ACT,625,710,385,430,635,710,395.0,430.0,3.0,,32,0,,B25,2016-05-02 05:33:00,2016-05-02 06:25:00,2016-05-02 05:58:00,2016-05-02 06:35:00,633,685,2016-05-02 10:58,2016-05-02 11:35,N675AE,43,74,,A25
AA2887,Y,JAN,DFW,625,710,385,430,635,710,395.0,430.0,3.0,Domestic,0,61,B25,,2016-05-02 07:10:00,2016-05-02 08:39:00,2016-05-02 07:10:00,2016-05-02 08:40:00,730,819,2016-05-02 12:10,2016-05-02 13:40,N675AE,14,75,A25,
AA3160,N,DFW,CRP,627,710,387,430,630,708,390.0,428.0,3.0,,75,0,,B7,2016-05-02 05:00:00,2016-05-02 06:27:00,2016-05-02 04:50:00,2016-05-02 06:30:00,600,687,2016-05-02 09:50,2016-05-02 11:30,N228NN,0,76,,C26
AA3243,Y,OMA,DFW,627,710,387,430,630,708,390.0,428.0,3.0,Domestic,0,75,B7,,2016-05-02 07:10:00,2016-05-02 08:59:00,2016-05-02 07:08:00,2016-05-02 08:52:00,730,839,2016-05-02 12:08,2016-05-02 13:52,N228NN,0,77,C26,
AA3150,N,DFW,SGF,628,658,388,418,648,843,408.0,523.0,3.0,,75,0,,B44,2016-05-02 05:00:00,2016-05-02 06:28:00,2016-05-02 05:09:00,2016-05-02 06:48:00,600,688,2016-05-02 10:09,2016-05-02 11:48,N649PP,0,78,,C4
AA5841,N,DFW,HOU,634,730,394,450,624,729,384.0,449.0,3.0,,75,0,,B46,2016-05-02 05:24:00,2016-05-02 06:34:00,2016-05-02 05:15:00,2016-05-02 06:24:00,624,694,2016-05-02 10:15,2016-05-02 11:24,N939LR,0,79,,C11
AA5725,Y,CVG,DFW,634,730,394,450,624,729,384.0,449.0,3.0,Domestic,0,75,B46,,2016-05-02 07:30:00,2016-05-02 10:47:00,2016-05-02 07:29:00,2016-05-02 10:43:00,750,887,2016-05-02 12:29,2016-05-02 14:43,N939LR,0,80,C11,
AA5768,Y,SDF,DFW,647,750,407,470,635,749,395.0,469.0,3.0,Domestic,0,75,B1,,2016-05-02 07:50:00,2016-05-02 10:48:00,2016-05-02 07:49:00,2016-05-02 10:46:00,770,888,2016-05-02 12:49,2016-05-02 14:46,N954LR,0,81,C27,
AA5764,N,DFW,MTY,647,750,407,470,635,749,395.0,469.0,3.0,,75,0,,B1,2016-05-02 05:00:00,2016-05-02 06:47:00,2016-05-02 04:55:00,2016-05-02 06:35:00,600,707,2016-05-02 09:55,2016-05-02 11:35,N954LR,0,82,,C27
AA585,Y,PHL,DFW,655,825,415,505,655,823,415.0,503.0,2.0,Domestic,0,111,C39,,2016-05-02 08:25:00,2016-05-02 12:35:00,2016-05-02 08:23:00,2016-05-02 12:10:00,805,995,2016-05-02 13:23,2016-05-02 16:10,N192UW,39,83,A34,
AA495,Y,PHX,DFW,655,825,415,505,655,821,415.0,501.0,2.0,Domestic,0,104,C33,,2016-05-02 08:25:00,2016-05-02 08:59:00,2016-05-02 08:21:00,2016-05-02 08:49:00,805,959,2016-05-02 13:21,2016-05-02 15:49,N584UW,46,84,A9,
AA2184,N,DFW,OKC,700,755,420,475,657,754,417.0,474.0,2.0,,92,0,,C35,2016-05-02 06:00:00,2016-05-02 07:00:00,2016-05-02 05:57:00,2016-05-02 06:57:00,660,720,2016-05-02 10:57,2016-05-02 11:57,N7541A,58,85,,A13
AA2419,Y,DTW,DFW,700,755,420,475,657,754,417.0,474.0,2.0,Domestic,0,124,C35,,2016-05-02 07:55:00,2016-05-02 11:31:00,2016-05-02 07:54:00,2016-05-02 11:13:00,775,931,2016-05-02 12:54,2016-05-02 15:13,N7541A,26,86,A13,
AA887,Y,CLT,DFW,710,840,430,520,710,834,430.0,514.0,2.0,Domestic,0,127,C36,,2016-05-02 08:40:00,2016-05-02 12:14:00,2016-05-02 08:34:00,2016-05-02 12:08:00,820,974,2016-05-02 13:34,2016-05-02 16:08,N912UY,23,87,A35,
AA3685,Y,XNA,DFW,715,845,435,525,715,843,435.0,523.0,3.0,Domestic,0,75,B37,,2016-05-02 08:45:00,2016-05-02 09:55:00,2016-05-02 08:43:00,2016-05-02 10:01:00,825,895,2016-05-02 13:43,2016-05-02 15:01,N843AE,0,88,C20,
AA3428,Y,SGF,DFW,715,845,435,525,648,843,408.0,523.0,3.0,Domestic,0,75,B44,,2016-05-02 08:45:00,2016-05-02 10:03:00,2016-05-02 08:43:00,2016-05-02 09:52:00,825,903,2016-05-02 13:43,2016-05-02 14:52,N649PP,0,89,C33,
AA1402,Y,SEA,DFW,715,845,435,525,715,840,435.0,520.0,2.0,Domestic,0,56,A25,,2016-05-02 08:45:00,2016-05-02 11:00:00,2016-05-02 08:40:00,2016-05-02 10:30:00,825,1080,2016-05-02 13:40,2016-05-02 17:30,N145AN,94,90,A39,
AA3210,N,DFW,LIT,719,800,439,480,719,756,439.0,476.0,3.0,,75,0,,B5,2016-05-02 05:58:00,2016-05-02 07:19:00,2016-05-02 06:03:00,2016-05-02 07:19:00,658,739,2016-05-02 11:03,2016-05-02 12:19,N230NN,0,91,,B29
AA3139,Y,XNA,DFW,719,800,439,480,719,756,439.0,476.0,3.0,Domestic,0,75,B5,,2016-05-02 08:00:00,2016-05-02 09:07:00,2016-05-02 07:56:00,2016-05-02 09:03:00,780,847,2016-05-02 12:56,2016-05-02 14:03,N230NN,0,92,B29,
AA277,Y,SAN,DFW,720,850,440,530,720,849,440.0,529.0,2.0,Domestic,0,61,A11,,2016-05-02 08:50:00,2016-05-02 10:02:00,2016-05-02 08:49:00,2016-05-02 10:21:00,830,1022,2016-05-02 13:49,2016-05-02 17:21,N677AN,89,93,A38,
AA3299,Y,DRO,DFW,720,850,440,530,720,847,440.0,527.0,3.0,Domestic,0,75,B15,,2016-05-02 08:50:00,2016-05-02 09:58:00,2016-05-02 08:47:00,2016-05-02 10:01:00,830,958,2016-05-02 13:47,2016-05-02 16:01,N939AE,0,94,C19,
AA2832,Y,SPS,DFW,720,850,440,530,720,918,440.0,558.0,3.0,Domestic,0,55,B30,,2016-05-02 08:50:00,2016-05-02 09:46:00,2016-05-02 09:18:00,2016-05-02 10:10:00,830,886,2016-05-02 14:18,2016-05-02 15:10,N673AE,20,95,C17,
AA2757,Y,BRO,DFW,720,850,440,530,720,845,440.0,525.0,3.0,Domestic,0,53,B28,,2016-05-02 08:50:00,2016-05-02 10:32:00,2016-05-02 08:45:00,2016-05-02 10:52:00,830,932,2016-05-02 13:45,2016-05-02 15:52,N677AE,22,96,C16,
AA3163,N,DFW,SAV,729,810,449,490,711,808,431.0,488.0,3.0,,75,0,,B11,2016-05-02 05:35:00,2016-05-02 07:29:00,2016-05-02 05:28:00,2016-05-02 07:11:00,575,749,2016-05-02 09:28,2016-05-02 12:11,N226NN,0,97,,A11
AA2301,N,DFW,ORD,729,855,449,535,733,854,453.0,534.0,2.0,,112,0,,C26,2016-05-02 05:00:00,2016-05-02 07:29:00,2016-05-02 04:54:00,2016-05-02 07:33:00,600,749,2016-05-02 09:54,2016-05-02 12:33,N983TW,38,98,,C14
AA2510,Y,SLC,DFW,729,855,449,535,733,854,453.0,534.0,2.0,Domestic,0,73,C26,,2016-05-02 08:55:00,2016-05-02 10:47:00,2016-05-02 08:54:00,2016-05-02 10:37:00,835,1007,2016-05-02 13:54,2016-05-02 16:37,N983TW,77,99,C14,
AA3313,Y,LIT,DFW,729,810,449,490,711,808,431.0,488.0,3.0,Domestic,0,75,B11,,2016-05-02 08:10:00,2016-05-02 09:21:00,2016-05-02 08:08:00,2016-05-02 09:35:00,790,861,2016-05-02 13:08,2016-05-02 14:35,N226NN,0,100,A11,
AA1580,Y,PDX,DFW,730,900,450,540,730,906,450.0,546.0,2.0,Domestic,0,58,A9,,2016-05-02 09:00:00,2016-05-02 11:06:00,2016-05-02 09:06:00,2016-05-02 11:02:00,840,1086,2016-05-02 14:06,2016-05-02 18:02,N960AN,92,101,C7,
AA2735,N,DFW,ATL,730,800,450,480,729,1018,449.0,618.0,2.0,,76,0,,C14,2016-05-02 06:04:00,2016-05-02 07:30:00,2016-05-02 06:04:00,2016-05-02 07:29:00,604,750,2016-05-02 10:04,2016-05-02 12:29,N9015D,74,102,,C26
AA391,Y,TUL,DFW,730,900,450,540,730,1111,450.0,671.0,2.0,Domestic,0,85,C33,,2016-05-02 09:00:00,2016-05-02 10:09:00,2016-05-02 11:11:00,2016-05-02 12:05:00,840,909,2016-05-02 16:11,2016-05-02 17:05,N9622A,65,103,C8,
AA2857,N,DFW,MLU,735,845,455,525,745,845,465.0,525.0,3.0,,36,0,,B38,2016-05-02 06:12:00,2016-05-02 07:35:00,2016-05-02 06:01:00,2016-05-02 07:45:00,672,755,2016-05-02 11:01,2016-05-02 12:45,N624AE,39,104,,A19
AA2880,N,DFW,TXK,735,845,455,525,719,837,439.0,517.0,3.0,,47,0,,B34,2016-05-02 06:32:00,2016-05-02 07:35:00,2016-05-02 06:24:00,2016-05-02 07:19:00,692,755,2016-05-02 11:24,2016-05-02 12:19,N687JS,28,105,,C6
AA389,Y,MEX,DFW,735,905,455,545,735,906,455.0,546.0,,,0,0,C11,,2016-05-02 09:05:00,2016-05-02 11:46:00,2016-05-02 09:06:00,2016-05-02 11:41:00,845,1006,2016-05-02 14:06,2016-05-02 16:41,N9012,0,106,B1,
AA1015,N,DFW,AUS,735,825,455,505,741,825,461.0,505.0,2.0,,75,0,,C31,2016-05-02 06:30:00,2016-05-02 07:35:00,2016-05-02 06:39:00,2016-05-02 07:41:00,690,755,2016-05-02 11:39,2016-05-02 12:41,N9403W,75,107,,A14
AA1213,Y,SAT,DFW,735,825,455,505,741,825,461.0,505.0,2.0,Domestic,0,87,C31,,2016-05-02 08:25:00,2016-05-02 09:30:00,2016-05-02 08:25:00,2016-05-02 09:31:00,805,870,2016-05-02 13:25,2016-05-02 14:31,N9403W,63,108,A14,
AA7,Y,OGG,DFW,735,905,455,545,735,1039,455.0,639.0,1.0,Domestic,0,191,C4,,2016-05-02 09:05:00,2016-05-02 12:32:00,2016-05-02 10:39:00,2016-05-02 14:08:00,845,1352,2016-05-02 15:39,2016-05-03 00:08,N394AN,109,109,C21,
AA2395,Y,LAS,DFW,735,905,455,545,735,901,455.0,541.0,2.0,Domestic,0,74,A8,,2016-05-02 09:05:00,2016-05-02 10:09:00,2016-05-02 09:01:00,2016-05-02 10:06:00,845,1029,2016-05-02 14:01,2016-05-02 17:06,N128AN,76,110,C35,
AA2755,Y,TXK,DFW,735,845,455,525,719,837,439.0,517.0,3.0,Domestic,0,49,B34,,2016-05-02 08:45:00,2016-05-02 09:37:00,2016-05-02 08:37:00,2016-05-02 09:43:00,825,877,2016-05-02 13:37,2016-05-02 14:43,N687JS,26,111,C6,
AA2207,Y,SFO,DFW,735,905,455,545,735,901,455.0,541.0,2.0,Domestic,0,58,A28,,2016-05-02 09:05:00,2016-05-02 10:59:00,2016-05-02 09:01:00,2016-05-02 11:01:00,845,1079,2016-05-02 14:01,2016-05-02 18:01,N122NN,92,112,B43,
AA2808,Y,LAW,DFW,735,845,455,525,745,845,465.0,525.0,3.0,Domestic,0,55,B38,,2016-05-02 08:45:00,2016-05-02 09:38:00,2016-05-02 08:45:00,2016-05-02 09:50:00,825,878,2016-05-02 13:45,2016-05-02 14:50,N624AE,20,113,A19,
AA5793,Y,AMA,DFW,737,820,457,500,726,815,446.0,495.0,3.0,Domestic,0,75,B40,,2016-05-02 08:20:00,2016-05-02 09:30:00,2016-05-02 08:15:00,2016-05-02 09:32:00,800,870,2016-05-02 13:15,2016-05-02 14:32,N957LR,0,114,C11,
AA5728,N,DFW,GRK,737,820,457,500,726,815,446.0,495.0,3.0,,75,0,,B40,2016-05-02 06:40:00,2016-05-02 07:37:00,2016-05-02 06:39:00,2016-05-02 07:26:00,700,757,2016-05-02 11:39,2016-05-02 12:26,N957LR,0,115,,C11
AA1356,Y,AUS,DFW,738,830,458,510,721,824,441.0,504.0,2.0,Domestic,0,76,C28,,2016-05-02 08:30:00,2016-05-02 09:29:00,2016-05-02 08:24:00,2016-05-02 09:22:00,810,869,2016-05-02 13:24,2016-05-02 14:22,N485AA,74,116,A15,
AA2530,N,DFW,MFE,738,830,458,510,721,824,441.0,504.0,2.0,,65,0,,C28,2016-05-02 06:00:00,2016-05-02 07:38:00,2016-05-02 05:52:00,2016-05-02 07:21:00,660,758,2016-05-02 10:52,2016-05-02 12:21,N485AA,85,117,,A15
AA1217,Y,ORD,DFW,739,850,459,530,730,845,450.0,525.0,2.0,Domestic,0,138,C30,,2016-05-02 08:50:00,2016-05-02 11:18:00,2016-05-02 08:45:00,2016-05-02 10:45:00,830,978,2016-05-02 13:45,2016-05-02 15:45,N499AA,12,118,C22,
AA2274,N,DFW,MSP,739,850,459,530,730,845,450.0,525.0,2.0,,89,0,,C30,2016-05-02 05:05:00,2016-05-02 07:39:00,2016-05-02 04:56:00,2016-05-02 07:30:00,605,759,2016-05-02 09:56,2016-05-02 12:30,N499AA,61,119,,C22
AA1484,Y,AUS,DFW,740,910,460,550,740,908,460.0,548.0,2.0,Domestic,0,62,C20,,2016-05-02 09:10:00,2016-05-02 10:16:00,2016-05-02 09:08:00,2016-05-02 10:16:00,850,916,2016-05-02 14:08,2016-05-02 15:16,N970TW,88,120,A37,
AA3549,Y,SHV,DFW,742,845,462,525,714,841,434.0,521.0,3.0,Domestic,0,75,B8,,2016-05-02 08:45:00,2016-05-02 09:42:00,2016-05-02 08:41:00,2016-05-02 09:52:00,825,882,2016-05-02 13:41,2016-05-02 14:52,N682AE,0,121,B28,
AA3223,N,DFW,BHM,742,845,462,525,714,841,434.0,521.0,3.0,,75,0,,B8,2016-05-02 05:33:00,2016-05-02 07:42:00,2016-05-02 05:20:00,2016-05-02 07:14:00,633,762,2016-05-02 10:20,2016-05-02 12:14,N682AE,0,122,,B28
AA3402,Y,MHK,DFW,742,900,462,540,811,919,491.0,559.0,3.0,Domestic,0,75,B48,,2016-05-02 09:00:00,2016-05-02 10:29:00,2016-05-02 09:19:00,2016-05-02 10:45:00,840,929,2016-05-02 14:19,2016-05-02 15:45,N693AE,0,123,B10,
AA3491,N,DFW,FWA,742,900,462,540,811,919,491.0,559.0,3.0,,75,0,,B48,2016-05-02 06:00:00,2016-05-02 07:42:00,2016-05-02 05:56:00,2016-05-02 08:11:00,600,762,2016-05-02 09:56,2016-05-02 13:11,N693AE,0,124,,B10
AA1241,N,DFW,DTW,743,900,463,540,821,908,501.0,548.0,2.0,Domestic,48,0,,A29,2016-05-02 05:45:00,2016-05-02 07:43:00,2016-05-02 05:49:00,2016-05-02 08:21:00,585,763,2016-05-02 09:49,2016-05-02 13:21,N835NN,102,125,,A17
AA1241,Y,ONT,DFW,743,900,463,540,821,908,501.0,548.0,2.0,Domestic,0,25,A29,,2016-05-02 09:00:00,2016-05-02 10:16:00,2016-05-02 09:08:00,2016-05-02 10:35:00,840,1036,2016-05-02 14:08,2016-05-02 17:35,N835NN,125,126,A17,
AA123,Y,HNL,DFW,743,915,463,555,818,948,498.0,588.0,1.0,Domestic,0,203,C8,,2016-05-02 09:15:00,2016-05-02 12:53:00,2016-05-02 09:48:00,2016-05-02 13:19:00,855,1373,2016-05-02 14:48,2016-05-02 23:19,N377AN,97,127,C12,
AA3654,N,DFW,LFT,743,813,463,493,738,1025,458.0,625.0,3.0,,75,0,,B46,2016-05-02 06:15:00,2016-05-02 07:43:00,2016-05-02 06:09:00,2016-05-02 07:38:00,675,763,2016-05-02 11:09,2016-05-02 12:38,N505AE,0,128,,B4
AA1541,N,DFW,MIA,743,915,463,555,818,948,498.0,588.0,1.0,,207,0,,C8,2016-05-02 05:30:00,2016-05-02 07:43:00,2016-05-02 06:12:00,2016-05-02 08:18:00,570,763,2016-05-02 10:12,2016-05-02 13:18,N377AN,93,129,,C12
AA5771,N,DFW,ELP,743,813,463,493,740,1015,460.0,615.0,3.0,,75,0,,B43,2016-05-02 05:00:00,2016-05-02 07:43:00,2016-05-02 04:59:00,2016-05-02 07:40:00,660,763,2016-05-02 10:59,2016-05-02 12:40,N943LR,0,130,,B27
AA2288,N,DFW,IND,744,900,464,540,805,855,485.0,535.0,2.0,,50,0,,C21,2016-05-02 06:21:00,2016-05-02 07:44:00,2016-05-02 06:17:00,2016-05-02 08:05:00,621,764,2016-05-02 10:17,2016-05-02 13:05,N489AA,100,131,,A20
AA2296,Y,SAT,DFW,744,900,464,540,805,855,485.0,535.0,2.0,Domestic,0,66,C21,,2016-05-02 09:00:00,2016-05-02 10:14:00,2016-05-02 08:55:00,2016-05-02 10:16:00,840,914,2016-05-02 13:55,2016-05-02 15:16,N489AA,84,132,A20,
AA5645,Y,COS,DFW,745,855,465,535,822,921,502.0,561.0,3.0,Domestic,0,75,B9,,2016-05-02 08:55:00,2016-05-02 09:50:00,2016-05-02 09:21:00,2016-05-02 10:15:00,835,950,2016-05-02 14:21,2016-05-02 16:15,N902FJ,0,133,C24,
AA5808,N,DFW,GSP,745,855,465,535,822,921,502.0,561.0,3.0,,75,0,,B9,2016-05-02 06:00:00,2016-05-02 07:45:00,2016-05-02 05:56:00,2016-05-02 08:22:00,600,765,2016-05-02 09:56,2016-05-02 13:22,N902FJ,0,134,,C24
AA3618,N,DFW,TLH,746,816,466,496,814,1022,494.0,622.0,3.0,,75,0,,B6,2016-05-02 06:15:00,2016-05-02 07:46:00,2016-05-02 06:28:00,2016-05-02 08:14:00,615,766,2016-05-02 10:28,2016-05-02 13:14,N223NN,0,135,,B26
AA3315,N,DFW,GCK,747,845,467,525,736,842,456.0,522.0,3.0,,75,0,,B14,2016-05-02 06:20:00,2016-05-02 07:47:00,2016-05-02 06:10:00,2016-05-02 07:36:00,680,767,2016-05-02 11:10,2016-05-02 12:36,N941LT,0,136,,C30
AA3461,Y,ABI,DFW,747,845,467,525,736,842,456.0,522.0,3.0,Domestic,0,75,B14,,2016-05-02 08:45:00,2016-05-02 09:36:00,2016-05-02 08:42:00,2016-05-02 09:32:00,825,876,2016-05-02 13:42,2016-05-02 14:32,N941LT,0,137,C30,
AA3367,Y,GJT,DFW,748,845,468,525,754,844,474.0,524.0,3.0,Domestic,0,75,B32,,2016-05-02 08:45:00,2016-05-02 10:02:00,2016-05-02 08:44:00,2016-05-02 10:21:00,825,962,2016-05-02 13:44,2016-05-02 16:21,N630AE,0,138,C28,
AA3402,N,DFW,GRI,748,845,468,525,754,844,474.0,524.0,3.0,Domestic,75,0,,B32,2016-05-02 06:00:00,2016-05-02 07:48:00,2016-05-02 06:03:00,2016-05-02 07:54:00,660,768,2016-05-02 11:03,2016-05-02 12:54,N630AE,0,139,,C28
AA5647,Y,GRK,DFW,749,850,469,530,830,902,510.0,542.0,3.0,Domestic,0,75,B41,,2016-05-02 08:50:00,2016-05-02 09:45:00,2016-05-02 09:02:00,2016-05-02 10:17:00,830,885,2016-05-02 14:02,2016-05-02 15:17,N948LR,0,140,B9,
AA5756,N,DFW,SDF,749,850,469,530,830,902,510.0,542.0,3.0,,75,0,,B41,2016-05-02 06:25:00,2016-05-02 07:49:00,2016-05-02 06:21:00,2016-05-02 08:30:00,625,769,2016-05-02 10:21,2016-05-02 13:30,N948LR,0,141,,B9
AA1427,Y,ATL,DFW,749,855,469,535,812,853,492.0,533.0,2.0,Domestic,0,126,C29,,2016-05-02 08:55:00,2016-05-02 12:06:00,2016-05-02 08:53:00,2016-05-02 12:15:00,835,966,2016-05-02 13:53,2016-05-02 16:15,N3014R,24,142,A23,
AA2804,Y,LFT,DFW,749,845,469,525,756,841,476.0,521.0,3.0,Domestic,0,51,B7,,2016-05-02 08:45:00,2016-05-02 10:09:00,2016-05-02 08:41:00,2016-05-02 10:20:00,825,909,2016-05-02 13:41,2016-05-02 15:20,N672AE,24,143,A29,
AA2809,N,DFW,SHV,749,845,469,525,756,841,476.0,521.0,3.0,,29,0,,B7,2016-05-02 06:40:00,2016-05-02 07:49:00,2016-05-02 06:28:00,2016-05-02 07:56:00,700,769,2016-05-02 11:28,2016-05-02 12:56,N672AE,46,144,,A29
AA2177,N,DFW,MEM,749,855,469,535,812,853,492.0,533.0,2.0,,39,0,,C29,2016-05-02 06:10:00,2016-05-02 07:49:00,2016-05-02 06:08:00,2016-05-02 08:12:00,670,769,2016-05-02 11:08,2016-05-02 13:12,N3014R,111,145,,A23
AA2795,N,DFW,JLN,750,820,470,500,745,1110,465.0,670.0,3.0,Domestic,38,0,,B29,2016-05-02 06:23:00,2016-05-02 07:50:00,2016-05-02 06:12:00,2016-05-02 07:45:00,683,770,2016-05-02 11:12,2016-05-02 12:45,N685AE,37,146,,C2
AA5883,Y,BJX,DFW,750,900,470,540,837,934,517.0,574.0,3.0,,0,75,B4,,2016-05-02 09:00:00,2016-05-02 11:25:00,2016-05-02 09:34:00,2016-05-02 11:53:00,840,985,2016-05-02 14:34,2016-05-02 16:53,N953LR,0,147,B7,
AA5692,N,DFW,IAH,750,900,470,540,837,934,517.0,574.0,3.0,,75,0,,B4,2016-05-02 06:30:00,2016-05-02 07:50:00,2016-05-02 06:24:00,2016-05-02 08:37:00,690,770,2016-05-02 11:24,2016-05-02 13:37,N953LR,0,148,,B7
AA2313,Y,MFE,DFW,752,855,472,535,745,851,465.0,531.0,2.0,Domestic,0,91,C27,,2016-05-02 08:55:00,2016-05-02 10:34:00,2016-05-02 08:51:00,2016-05-02 10:36:00,835,934,2016-05-02 13:51,2016-05-02 15:36,N470AA,59,149,A24,
AA35,N,DFW,EWR,752,905,472,545,744,903,464.0,543.0,2.0,,51,0,,A13,2016-05-02 05:00:00,2016-05-02 07:52:00,2016-05-02 04:53:00,2016-05-02 07:44:00,540,772,2016-05-02 08:53,2016-05-02 12:44,N839NN,99,150,,C10
AA3368,Y,TYR,DFW,752,855,472,535,818,905,498.0,545.0,3.0,Domestic,0,75,B45,,2016-05-02 08:55:00,2016-05-02 09:46:00,2016-05-02 09:05:00,2016-05-02 10:19:00,835,886,2016-05-02 14:05,2016-05-02 15:19,N823AE,0,151,B40,
AA1394,Y,OKC,DFW,752,850,472,530,806,847,486.0,527.0,2.0,Domestic,0,57,C10,,2016-05-02 08:50:00,2016-05-02 09:55:00,2016-05-02 08:47:00,2016-05-02 09:44:00,830,895,2016-05-02 13:47,2016-05-02 14:44,N9681B,93,152,A33,
AA1433,N,DFW,SAT,752,855,472,535,745,851,465.0,531.0,2.0,,68,0,,C27,2016-05-02 06:40:00,2016-05-02 07:52:00,2016-05-02 06:34:00,2016-05-02 07:45:00,700,772,2016-05-02 11:34,2016-05-02 12:45,N470AA,82,153,,A24
AA2228,Y,SMF,DFW,752,905,472,545,744,903,464.0,543.0,2.0,Domestic,0,61,A13,,2016-05-02 09:05:00,2016-05-02 10:52:00,2016-05-02 09:03:00,2016-05-02 10:57:00,845,1072,2016-05-02 14:03,2016-05-02 17:57,N839NN,89,154,C10,
AA346,N,DFW,JAX,752,850,472,530,806,847,486.0,527.0,2.0,,34,0,,C10,2016-05-02 06:05:00,2016-05-02 07:52:00,2016-05-02 06:05:00,2016-05-02 08:06:00,605,772,2016-05-02 10:05,2016-05-02 13:06,N9681B,116,155,,A33
AA3382,N,DFW,COU,752,855,472,535,818,905,498.0,545.0,3.0,Domestic,75,0,,B45,2016-05-02 06:00:00,2016-05-02 07:52:00,2016-05-02 05:59:00,2016-05-02 08:18:00,660,772,2016-05-02 10:59,2016-05-02 13:18,N823AE,0,156,,B40
AA1217,N,DFW,DAY,754,824,474,504,850,1033,530.0,633.0,2.0,Domestic,10,0,,C16,2016-05-02 06:15:00,2016-05-02 07:54:00,2016-05-02 06:13:00,2016-05-02 08:50:00,615,774,2016-05-02 10:13,2016-05-02 13:50,N9616G,140,157,,A8
AA2805,N,DFW,GPT,754,855,474,535,821,912,501.0,552.0,3.0,,36,0,,B13,2016-05-02 06:02:00,2016-05-02 07:54:00,2016-05-02 06:05:00,2016-05-02 08:21:00,662,774,2016-05-02 11:05,2016-05-02 13:21,N633AE,39,158,,C15
AA5875,Y,MTY,DFW,754,855,474,535,758,915,478.0,555.0,3.0,,0,75,B47,,2016-05-02 08:55:00,2016-05-02 10:43:00,2016-05-02 09:15:00,2016-05-02 11:16:00,835,943,2016-05-02 14:15,2016-05-02 16:16,N242LR,0,159,B11,
AA5717,N,DFW,GRR,754,855,474,535,758,915,478.0,555.0,3.0,,75,0,,B47,2016-05-02 06:00:00,2016-05-02 07:54:00,2016-05-02 05:55:00,2016-05-02 07:58:00,600,774,2016-05-02 09:55,2016-05-02 12:58,N242LR,0,160,,B11
AA2795,Y,ACT,DFW,754,855,474,535,821,912,501.0,552.0,3.0,Domestic,0,51,B13,,2016-05-02 08:55:00,2016-05-02 09:40:00,2016-05-02 09:12:00,2016-05-02 10:24:00,835,880,2016-05-02 14:12,2016-05-02 15:24,N633AE,24,161,C15,
AA5784,N,DFW,LEX,755,900,475,540,733,938,453.0,578.0,3.0,,75,0,,B12,2016-05-02 06:20:00,2016-05-02 07:55:00,2016-05-02 06:13:00,2016-05-02 07:33:00,620,775,2016-05-02 10:13,2016-05-02 12:33,N938LR,0,162,,B6
AA5685,Y,GDL,DFW,755,900,475,540,733,938,453.0,578.0,3.0,,0,75,B12,,2016-05-02 09:00:00,2016-05-02 11:44:00,2016-05-02 09:38:00,2016-05-02 12:11:00,840,1004,2016-05-02 14:38,2016-05-02 17:11,N938LR,0,163,B6,
AA1594,N,DFW,MSY,756,826,476,506,1229,826,749.0,1946.0,2.0,,47,0,,A20,2016-05-02 06:10:00,2016-05-02 07:56:00,2016-05-02 10:54:00,2016-05-02 12:29:00,670,776,2016-05-02 15:54,2016-05-02 17:29,N831NN,103,164,,A18
AA2410,Y,LAX,DFW,756,900,476,540,810,857,490.0,537.0,2.0,Domestic,0,67,A17,,2016-05-02 09:00:00,2016-05-02 10:30:00,2016-05-02 08:57:00,2016-05-02 10:36:00,840,1050,2016-05-02 13:57,2016-05-02 17:36,N134AN,83,165,A25,
AA1057,N,DFW,MCO,756,900,476,540,810,857,490.0,537.0,2.0,,60,0,,A17,2016-05-02 05:59:00,2016-05-02 07:56:00,2016-05-02 05:59:00,2016-05-02 08:10:00,599,776,2016-05-02 09:59,2016-05-02 13:10,N134AN,90,166,,A25
AA3226,N,DFW,CVG,756,900,476,540,824,854,504.0,534.0,3.0,,75,0,,B35,2016-05-02 06:15:00,2016-05-02 07:56:00,2016-05-02 06:09:00,2016-05-02 08:24:00,615,776,2016-05-02 10:09,2016-05-02 13:24,N604AE,0,167,,C31
AA322,N,DFW,STL,756,826,476,506,804,826,484.0,506.0,2.0,,58,0,,C7,2016-05-02 06:00:00,2016-05-02 07:56:00,2016-05-02 05:55:00,2016-05-02 08:04:00,660,776,2016-05-02 10:55,2016-05-02 13:04,N482AA,92,168,,C4
AA3535,Y,FSM,DFW,756,900,476,540,824,854,504.0,534.0,3.0,Domestic,0,75,B35,,2016-05-02 09:00:00,2016-05-02 10:04:00,2016-05-02 08:54:00,2016-05-02 10:15:00,840,904,2016-05-02 13:54,2016-05-02 15:15,N604AE,0,169,C31,
AA5646,N,DFW,JAN,758,828,478,508,802,1107,482.0,667.0,3.0,,75,0,,B25,2016-05-02 06:15:00,2016-05-02 07:58:00,2016-05-02 06:16:00,2016-05-02 08:02:00,675,778,2016-05-02 11:16,2016-05-02 13:02,N241LR,0,170,,B25
AA3425,Y,CLL,DFW,758,850,478,530,759,843,479.0,523.0,3.0,Domestic,0,75,B33,,2016-05-02 08:50:00,2016-05-02 09:47:00,2016-05-02 08:43:00,2016-05-02 09:50:00,830,887,2016-05-02 13:43,2016-05-02 14:50,N856AE,0,171,B42,
AA3666,N,DFW,LCH,758,850,478,530,759,843,479.0,523.0,3.0,,75,0,,B33,2016-05-02 06:35:00,2016-05-02 07:58:00,2016-05-02 06:22:00,2016-05-02 07:59:00,695,778,2016-05-02 11:22,2016-05-02 12:59,N856AE,0,172,,B42
AA5831,Y,ICT,DFW,759,845,479,525,804,923,484.0,563.0,3.0,Domestic,0,75,B26,,2016-05-02 08:45:00,2016-05-02 09:59:00,2016-05-02 09:23:00,2016-05-02 10:35:00,825,899,2016-05-02 14:23,2016-05-02 15:35,N935LR,0,173,C29,
AA5705,N,DFW,HSV,759,845,479,525,804,923,484.0,563.0,3.0,,75,0,,B26,2016-05-02 05:45:00,2016-05-02 07:59:00,2016-05-02 05:41:00,2016-05-02 08:04:00,645,779,2016-05-02 10:41,2016-05-02 13:04,N935LR,0,174,,C29
AA2209,N,DFW,OMA,800,900,480,540,755,854,475.0,534.0,2.0,,70,0,,C12,2016-05-02 06:03:00,2016-05-02 08:00:00,2016-05-02 05:57:00,2016-05-02 07:55:00,663,780,2016-05-02 10:57,2016-05-02 12:55,N955U,80,175,,A28
AA2214,Y,ABQ,DFW,800,900,480,540,755,854,475.0,534.0,2.0,Domestic,0,49,C12,,2016-05-02 09:00:00,2016-05-02 09:57:00,2016-05-02 08:54:00,2016-05-02 09:57:00,840,957,2016-05-02 13:54,2016-05-02 15:57,N955U,101,176,A28,
AA5819,N,DFW,GSO,801,845,481,525,744,909,464.0,549.0,3.0,,75,0,,B42,2016-05-02 05:55:00,2016-05-02 08:01:00,2016-05-02 05:51:00,2016-05-02 07:44:00,595,781,2016-05-02 09:51,2016-05-02 12:44,N918FJ,0,177,,B29
AA2506,Y,SNA,DFW,801,855,481,535,808,853,488.0,533.0,2.0,Domestic,0,57,A10,,2016-05-02 08:55:00,2016-05-02 10:15:00,2016-05-02 08:53:00,2016-05-02 10:33:00,835,1035,2016-05-02 13:53,2016-05-02 17:33,N985NN,93,178,A16,
AA5888,Y,CRP,DFW,801,845,481,525,744,909,464.0,549.0,3.0,Domestic,0,75,B42,,2016-05-02 08:45:00,2016-05-02 10:09:00,2016-05-02 09:09:00,2016-05-02 10:49:00,825,909,2016-05-02 14:09,2016-05-02 15:49,N918FJ,0,179,B29,
AA375,N,DFW,DEN,801,855,481,535,808,853,488.0,533.0,2.0,,107,0,,A10,2016-05-02 05:00:00,2016-05-02 08:01:00,2016-05-02 04:53:00,2016-05-02 08:08:00,660,781,2016-05-02 10:53,2016-05-02 13:08,N985NN,43,180,,A16
AA2428,N,DFW,RDU,803,850,483,530,810,851,490.0,531.0,2.0,,30,0,,C2,2016-05-02 05:53:00,2016-05-02 08:03:00,2016-05-02 05:54:00,2016-05-02 08:10:00,593,783,2016-05-02 09:54,2016-05-02 13:10,N9409F,120,181,,A21
AA1346,Y,TUS,DFW,803,850,483,530,810,851,490.0,531.0,2.0,Domestic,0,66,C2,,2016-05-02 08:50:00,2016-05-02 09:19:00,2016-05-02 08:51:00,2016-05-02 09:26:00,830,979,2016-05-02 13:51,2016-05-02 16:26,N9409F,84,182,A21,
AA3492,N,DFW,MOB,804,834,484,514,822,834,502.0,514.0,3.0,,75,0,,B17,2016-05-02 06:08:00,2016-05-02 08:04:00,2016-05-02 05:59:00,2016-05-02 08:22:00,668,784,2016-05-02 10:59,2016-05-02 13:22,N909AE,0,183,,B5
AA1595,N,DFW,AUS,804,935,484,575,811,936,491.0,576.0,2.0,,57,0,,A20,2016-05-02 06:59:00,2016-05-02 08:04:00,2016-05-02 06:59:00,2016-05-02 08:11:00,719,784,2016-05-02 11:59,2016-05-02 13:11,N930NN,93,184,,A10
AA3382,Y,HOU,DFW,804,910,484,550,752,907,472.0,547.0,3.0,Domestic,0,75,B39,,2016-05-02 09:10:00,2016-05-02 10:25:00,2016-05-02 09:07:00,2016-05-02 10:23:00,850,925,2016-05-02 14:07,2016-05-02 15:23,N655AE,0,185,B12,
AA3295,N,DFW,ABI,804,910,484,550,752,907,472.0,547.0,3.0,,75,0,,B39,2016-05-02 07:10:00,2016-05-02 08:04:00,2016-05-02 07:06:00,2016-05-02 07:52:00,730,784,2016-05-02 12:06,2016-05-02 12:52,N655AE,0,186,,B12
AA3718,N,DFW,XNA,804,834,484,514,840,1023,520.0,623.0,3.0,,75,0,,B5,2016-05-02 06:40:00,2016-05-02 08:04:00,2016-05-02 07:27:00,2016-05-02 08:40:00,700,784,2016-05-02 12:27,2016-05-02 13:40,N222NS,0,187,,C27
AA1080,Y,LGA,DFW,804,935,484,575,811,936,491.0,576.0,2.0,Domestic,0,112,A20,,2016-05-02 09:35:00,2016-05-02 13:59:00,2016-05-02 09:36:00,2016-05-02 13:38:00,875,1079,2016-05-02 14:36,2016-05-02 17:38,N930NN,38,188,A10,
AA1165,Y,PHX,DFW,805,910,485,550,840,933,520.0,573.0,2.0,Domestic,0,100,A14,,2016-05-02 09:10:00,2016-05-02 10:00:00,2016-05-02 09:33:00,2016-05-02 10:15:00,850,1020,2016-05-02 14:33,2016-05-02 17:15,N928NN,50,189,A36,
AA1060,N,DFW,TUL,805,905,485,545,814,924,494.0,564.0,2.0,,27,0,,A16,2016-05-02 06:53:00,2016-05-02 08:05:00,2016-05-02 06:51:00,2016-05-02 08:14:00,713,785,2016-05-02 11:51,2016-05-02 13:14,N932AN,123,190,,A22
AA1590,N,DFW,DCA,805,910,485,550,840,933,520.0,573.0,2.0,,-3,0,,A14,2016-05-02 05:38:00,2016-05-02 08:05:00,2016-05-02 05:35:00,2016-05-02 08:40:00,578,785,2016-05-02 09:35,2016-05-02 13:40,N928NN,153,191,,A36
AA1054,Y,IAH,DFW,805,850,485,530,754,844,474.0,524.0,2.0,Domestic,0,102,C19,,2016-05-02 08:50:00,2016-05-02 10:06:00,2016-05-02 08:44:00,2016-05-02 10:05:00,830,906,2016-05-02 13:44,2016-05-02 15:05,N477AA,48,192,A13,
AA1620,Y,DEN,DFW,805,905,485,545,814,924,494.0,564.0,2.0,Domestic,0,99,A16,,2016-05-02 09:05:00,2016-05-02 10:15:00,2016-05-02 09:24:00,2016-05-02 10:29:00,845,975,2016-05-02 14:24,2016-05-02 16:29,N932AN,51,193,A22,
AA1484,N,DFW,BNA,805,850,485,530,754,844,474.0,524.0,2.0,Domestic,43,0,,C19,2016-05-02 05:48:00,2016-05-02 08:05:00,2016-05-02 05:45:00,2016-05-02 07:54:00,648,785,2016-05-02 10:45,2016-05-02 12:54,N477AA,107,194,,A13
AA5809,Y,MAF,DFW,809,855,489,535,737,852,457.0,532.0,3.0,Domestic,0,75,B3,,2016-05-02 08:55:00,2016-05-02 10:15:00,2016-05-02 08:52:00,2016-05-02 10:18:00,835,915,2016-05-02 13:52,2016-05-02 15:18,N915FJ,0,195,C26,
AA5788,N,DFW,QRO,809,855,489,535,737,852,457.0,532.0,3.0,,75,0,,B3,2016-05-02 05:35:00,2016-05-02 08:09:00,2016-05-02 05:22:00,2016-05-02 07:37:00,635,789,2016-05-02 10:22,2016-05-02 12:37,N915FJ,0,196,,C26
AA1264,Y,YVR,DFW,818,935,498,575,900,947,540.0,587.0,2.0,,0,150,A15,,2016-05-02 09:35:00,2016-05-02 11:54:00,2016-05-02 09:47:00,2016-05-02 11:46:00,875,1134,2016-05-02 14:47,2016-05-02 18:46,N802NN,0,197,A11,
AA1289,N,DFW,BOS,818,935,498,575,900,947,540.0,587.0,2.0,,49,0,,A15,2016-05-02 05:00:00,2016-05-02 08:18:00,2016-05-02 04:51:00,2016-05-02 09:00:00,540,798,2016-05-02 08:51,2016-05-02 14:00,N802NN,101,198,,A11
AA5872,N,DFW,SLP,829,910,509,550,811,907,491.0,547.0,3.0,,75,0,,B1,2016-05-02 06:14:00,2016-05-02 08:29:00,2016-05-02 06:03:00,2016-05-02 08:11:00,674,809,2016-05-02 11:03,2016-05-02 13:11,N911FJ,0,199,,C11
AA5878,Y,LBB,DFW,829,910,509,550,811,907,491.0,547.0,3.0,Domestic,0,75,B1,,2016-05-02 09:10:00,2016-05-02 10:23:00,2016-05-02 09:07:00,2016-05-02 10:29:00,850,923,2016-05-02 14:07,2016-05-02 15:29,N911FJ,0,200,C11,
AA102,N,DFW,HNL,836,906,516,546,810,906,490.0,546.0,1.0,,209,0,,C4,2016-05-02 20:05:00,2016-05-03 08:36:00,2016-05-02 19:58:00,2016-05-03 08:10:00,365,816,2016-05-03 05:58,2016-05-03 13:10,N387AM,91,201,,A15
AA5651,N,DFW,GDL,838,908,518,548,829,1205,509.0,725.0,3.0,,75,0,,B2,2016-05-02 06:00:00,2016-05-02 08:38:00,2016-05-02 05:52:00,2016-05-02 08:29:00,660,818,2016-05-02 10:52,2016-05-02 13:29,N329MS,0,202,,C27
AA5730,Y,LEX,DFW,845,1015,525,615,845,1015,525.0,615.0,3.0,Domestic,0,75,B43,,2016-05-02 10:15:00,2016-05-02 13:23:00,2016-05-02 10:15:00,2016-05-02 13:22:00,915,1043,2016-05-02 15:15,2016-05-02 17:22,N943LR,0,203,C33,
AA2091,N,DFW,CLT,846,950,526,590,845,948,525.0,588.0,2.0,Domestic,111,0,,C37,2016-05-02 07:00:00,2016-05-02 08:46:00,2016-05-02 06:54:00,2016-05-02 08:45:00,660,826,2016-05-02 10:54,2016-05-02 13:45,N920US,39,204,,A14
AA2091,Y,CLT,DFW,846,950,526,590,845,948,525.0,588.0,2.0,Domestic,0,124,C37,,2016-05-02 09:50:00,2016-05-02 13:19:00,2016-05-02 09:48:00,2016-05-02 13:06:00,890,1039,2016-05-02 14:48,2016-05-02 17:06,N920US,26,205,A14,
AA1100,Y,MSY,DFW,850,1020,530,620,850,1018,530.0,618.0,2.0,Domestic,0,66,C14,,2016-05-02 10:20:00,2016-05-02 11:47:00,2016-05-02 10:18:00,2016-05-02 11:32:00,920,1007,2016-05-02 15:18,2016-05-02 16:32,N9015D,84,206,A38,
AA3149,Y,OKC,DFW,850,1020,530,620,850,1025,530.0,625.0,3.0,Domestic,0,75,B46,,2016-05-02 10:20:00,2016-05-02 11:21:00,2016-05-02 10:25:00,2016-05-02 11:32:00,920,981,2016-05-02 15:25,2016-05-02 16:32,N505AE,0,207,B30,
AA2241,Y,LAX,DFW,851,955,531,595,837,951,517.0,591.0,2.0,Domestic,0,80,A18,,2016-05-02 09:55:00,2016-05-02 11:16:00,2016-05-02 09:51:00,2016-05-02 11:18:00,895,1096,2016-05-02 14:51,2016-05-02 18:18,N144AN,70,208,A13,
AA2241,N,DFW,AUS,851,955,531,595,837,951,517.0,591.0,2.0,Domestic,45,0,,A18,2016-05-02 07:45:00,2016-05-02 08:51:00,2016-05-02 07:42:00,2016-05-02 08:37:00,765,831,2016-05-02 12:42,2016-05-02 13:37,N144AN,105,209,,A13
AA3357,Y,DSM,DFW,855,1025,535,625,840,1023,520.0,623.0,3.0,Domestic,0,75,B5,,2016-05-02 10:25:00,2016-05-02 12:19:00,2016-05-02 10:23:00,2016-05-02 12:08:00,925,1039,2016-05-02 15:23,2016-05-02 17:08,N222NS,0,210,B31,
AA1573,Y,ABQ,DFW,855,1025,535,625,850,1033,530.0,633.0,2.0,Domestic,0,10,C16,,2016-05-02 10:25:00,2016-05-02 11:18:00,2016-05-02 10:33:00,2016-05-02 11:22:00,925,1038,2016-05-02 15:33,2016-05-02 17:22,N9616G,140,211,A39,
AA3531,Y,LIT,DFW,900,1030,540,630,900,1022,540.0,622.0,3.0,Domestic,0,75,B6,,2016-05-02 10:30:00,2016-05-02 11:47:00,2016-05-02 10:22:00,2016-05-02 11:36:00,930,1007,2016-05-02 15:22,2016-05-02 16:36,N223NN,0,212,C36,
AA1276,Y,RSW,DFW,900,1030,540,630,900,1024,540.0,624.0,2.0,Domestic,0,55,A16,,2016-05-02 10:30:00,2016-05-02 14:05:00,2016-05-02 10:24:00,2016-05-02 13:52:00,930,1085,2016-05-02 15:24,2016-05-02 17:52,N937AN,95,213,B16,
AA1209,Y,SMF,DFW,905,1035,545,635,905,1136,545.0,696.0,2.0,Domestic,0,0,A8,,2016-05-02 10:35:00,2016-05-02 12:19:00,2016-05-02 11:36:00,2016-05-02 13:11:00,935,1159,2016-05-02 16:36,2016-05-02 20:11,N821NN,150,214,C17,
AA2307,Y,MIA,DFW,905,1035,545,635,905,1032,545.0,632.0,2.0,Domestic,0,101,A21,,2016-05-02 10:35:00,2016-05-02 14:26:00,2016-05-02 10:32:00,2016-05-02 14:06:00,935,1106,2016-05-02 15:32,2016-05-02 18:06,N368AA,49,215,B14,
AA1351,N,DFW,BWI,908,1030,548,630,932,1046,572.0,646.0,2.0,,59,0,,A10,2016-05-02 06:40:00,2016-05-02 09:08:00,2016-05-02 06:40:00,2016-05-02 09:32:00,640,848,2016-05-02 10:40,2016-05-02 14:32,N955AN,91,216,,B10
AA1523,Y,FLL,DFW,908,1030,548,630,932,1046,572.0,646.0,2.0,Domestic,0,96,A10,,2016-05-02 10:30:00,2016-05-02 14:19:00,2016-05-02 10:46:00,2016-05-02 14:29:00,930,1099,2016-05-02 15:46,2016-05-02 18:29,N955AN,54,217,B10,
AA2305,N,DFW,ORD,909,1040,549,640,1003,1053,603.0,653.0,2.0,,116,0,,C27,2016-05-02 06:40:00,2016-05-02 09:09:00,2016-05-02 07:25:00,2016-05-02 10:03:00,700,849,2016-05-02 12:25,2016-05-02 15:03,N9617R,34,218,,B6
AA1355,Y,PDX,DFW,909,1025,549,625,959,1045,599.0,645.0,2.0,Domestic,0,32,A11,,2016-05-02 10:25:00,2016-05-02 12:27:00,2016-05-02 10:45:00,2016-05-02 12:43:00,925,1167,2016-05-02 15:45,2016-05-02 19:43,N867NN,118,219,C4,
AA1479,N,DFW,DCA,909,1025,549,625,959,1045,599.0,645.0,2.0,,72,0,,A11,2016-05-02 06:45:00,2016-05-02 09:09:00,2016-05-02 06:42:00,2016-05-02 09:59:00,645,849,2016-05-02 10:42,2016-05-02 14:59,N867NN,78,220,,C4
AA1192,Y,SLC,DFW,909,1040,549,640,1003,1053,603.0,653.0,2.0,Domestic,0,45,C27,,2016-05-02 10:40:00,2016-05-02 12:30:00,2016-05-02 10:53:00,2016-05-02 12:34:00,940,1110,2016-05-02 15:53,2016-05-02 18:34,N9617R,105,221,B6,
AA2269,N,DFW,COS,910,1005,550,605,943,1027,583.0,627.0,2.0,,32,0,,C22,2016-05-02 06:12:00,2016-05-02 09:10:00,2016-05-02 06:13:00,2016-05-02 09:43:00,732,850,2016-05-02 12:13,2016-05-02 14:43,N980TW,118,222,,A25
AA1607,N,DFW,ATL,910,1010,550,610,917,1008,557.0,608.0,2.0,,112,0,,C17,2016-05-02 07:45:00,2016-05-02 09:10:00,2016-05-02 07:45:00,2016-05-02 09:17:00,705,850,2016-05-02 11:45,2016-05-02 14:17,N424AA,38,223,,C11
AA2398,Y,BNA,DFW,910,1010,550,610,917,1008,557.0,608.0,2.0,Domestic,0,102,C17,,2016-05-02 10:10:00,2016-05-02 11:58:00,2016-05-02 10:08:00,2016-05-02 12:00:00,910,1018,2016-05-02 15:08,2016-05-02 17:00,N424AA,48,224,C11,
AA1561,Y,AUS,DFW,910,1005,550,605,943,1027,583.0,627.0,2.0,Domestic,0,20,C22,,2016-05-02 10:05:00,2016-05-02 11:02:00,2016-05-02 10:27:00,2016-05-02 11:29:00,905,962,2016-05-02 15:27,2016-05-02 16:29,N980TW,130,225,A25,
AA1395,N,DFW,MSP,912,1020,552,620,855,1015,535.0,615.0,2.0,,97,0,,C19,2016-05-02 06:35:00,2016-05-02 09:12:00,2016-05-02 06:25:00,2016-05-02 08:55:00,695,852,2016-05-02 11:25,2016-05-02 13:55,N501AA,53,226,,C14
AA2893,N,DFW,SHV,912,1010,552,610,912,1004,552.0,604.0,3.0,,16,0,,B37,2016-05-02 08:00:00,2016-05-02 09:12:00,2016-05-02 07:55:00,2016-05-02 09:12:00,780,852,2016-05-02 12:55,2016-05-02 14:12,N680AE,59,227,,A37
AA2810,Y,VPS,DFW,912,1010,552,610,912,1004,552.0,604.0,3.0,Domestic,0,59,B37,,2016-05-02 10:10:00,2016-05-02 12:03:00,2016-05-02 10:04:00,2016-05-02 11:59:00,910,1023,2016-05-02 15:04,2016-05-02 16:59,N680AE,16,228,A37,
AA294,Y,ORF,DFW,912,1020,552,620,855,1015,535.0,615.0,2.0,Domestic,0,84,C19,,2016-05-02 10:20:00,2016-05-02 14:16:00,2016-05-02 10:15:00,2016-05-02 13:55:00,920,1096,2016-05-02 15:15,2016-05-02 17:55,N501AA,66,229,C14,
AA1149,Y,PSP,DFW,915,1045,555,645,915,1037,555.0,637.0,2.0,Domestic,0,3,C20,,2016-05-02 10:45:00,2016-05-02 11:53:00,2016-05-02 10:37:00,2016-05-02 11:57:00,945,1133,2016-05-02 15:37,2016-05-02 18:57,N7550,147,230,B17,
AA1684,Y,MCO,DFW,915,1020,555,620,928,1019,568.0,619.0,2.0,Domestic,0,93,C39,,2016-05-02 10:20:00,2016-05-02 13:58:00,2016-05-02 10:19:00,2016-05-02 13:46:00,920,1078,2016-05-02 15:19,2016-05-02 17:46,N154UW,57,231,C7,
AA1684,N,DFW,MCO,915,1020,555,620,928,1019,568.0,619.0,2.0,Domestic,95,0,,C39,2016-05-02 07:21:00,2016-05-02 09:15:00,2016-05-02 07:19:00,2016-05-02 09:28:00,681,855,2016-05-02 11:19,2016-05-02 14:28,N154UW,55,232,,C7
AA975,N,DFW,ELP,915,1025,555,625,913,1022,553.0,622.0,2.0,,36,0,,C28,2016-05-02 06:25:00,2016-05-02 09:15:00,2016-05-02 06:37:00,2016-05-02 09:13:00,745,855,2016-05-02 12:37,2016-05-02 14:13,N4032T,114,233,,B9
AA221,Y,YYC,DFW,915,1025,555,625,913,1022,553.0,622.0,2.0,,0,150,C28,,2016-05-02 10:25:00,2016-05-02 13:18:00,2016-05-02 10:22:00,2016-05-02 13:04:00,925,1158,2016-05-02 15:22,2016-05-02 19:04,N4032T,0,234,B9,
AA542,Y,PHX,DFW,916,1030,556,630,911,1026,551.0,626.0,2.0,Domestic,0,64,C36,,2016-05-02 10:30:00,2016-05-02 11:10:00,2016-05-02 10:26:00,2016-05-02 11:05:00,930,1090,2016-05-02 15:26,2016-05-02 18:05,N152UW,86,235,C6,
AA542,N,DFW,PHX,916,1030,556,630,911,1026,551.0,626.0,2.0,Domestic,85,0,,C36,2016-05-02 05:00:00,2016-05-02 09:16:00,2016-05-02 04:53:00,2016-05-02 09:11:00,720,856,2016-05-02 11:53,2016-05-02 14:11,N152UW,65,236,,C6
AA5838,Y,HOU,DFW,917,1025,557,625,937,1024,577.0,624.0,3.0,Domestic,0,75,B26,,2016-05-02 10:25:00,2016-05-02 11:39:00,2016-05-02 10:24:00,2016-05-02 11:32:00,925,999,2016-05-02 15:24,2016-05-02 16:32,N919FJ,0,237,C22,
AA5772,N,DFW,CID,917,1025,557,625,937,1024,577.0,624.0,3.0,,75,0,,B26,2016-05-02 06:59:00,2016-05-02 09:17:00,2016-05-02 06:52:00,2016-05-02 09:37:00,719,857,2016-05-02 11:52,2016-05-02 14:37,N919FJ,0,238,,C22
AA1339,N,DFW,TPA,918,1015,558,615,923,1025,563.0,625.0,2.0,,62,0,,A29,2016-05-02 07:30:00,2016-05-02 09:18:00,2016-05-02 07:26:00,2016-05-02 09:23:00,690,858,2016-05-02 11:26,2016-05-02 14:23,N920NN,88,239,,A34
AA2316,Y,PHL,DFW,918,1015,558,615,923,1025,563.0,625.0,2.0,Domestic,0,106,A29,,2016-05-02 10:15:00,2016-05-02 14:29:00,2016-05-02 10:25:00,2016-05-02 14:20:00,915,1109,2016-05-02 15:25,2016-05-02 18:20,N920NN,44,240,A34,
AA3375,N,DFW,SGF,919,1015,559,615,919,1011,559.0,611.0,3.0,,75,0,,B34,2016-05-02 07:46:00,2016-05-02 09:19:00,2016-05-02 07:40:00,2016-05-02 09:19:00,766,859,2016-05-02 12:40,2016-05-02 14:19,N657AE,0,241,,B7
AA96,N,DFW,RIC,919,1020,559,620,924,1114,564.0,674.0,2.0,Domestic,80,0,,C21,2016-05-02 07:00:00,2016-05-02 09:19:00,2016-05-02 06:53:00,2016-05-02 09:24:00,660,859,2016-05-02 10:53,2016-05-02 14:24,N437AA,70,242,,A28
AA96,Y,STL,DFW,919,1015,559,615,1010,1052,610.0,652.0,2.0,Domestic,0,95,C30,,2016-05-02 10:15:00,2016-05-02 11:54:00,2016-05-02 10:52:00,2016-05-02 12:21:00,915,1014,2016-05-02 15:52,2016-05-02 17:21,N566AA,55,243,C10,
AA149,Y,ELP,DFW,919,1020,559,620,924,1114,564.0,674.0,2.0,Domestic,0,10,C21,,2016-05-02 10:20:00,2016-05-02 11:06:00,2016-05-02 11:14:00,2016-05-02 12:04:00,920,1026,2016-05-02 16:14,2016-05-02 18:04,N437AA,140,244,A28,
AA3599,Y,XNA,DFW,919,1015,559,615,919,1011,559.0,611.0,3.0,Domestic,0,75,B34,,2016-05-02 10:15:00,2016-05-02 11:24:00,2016-05-02 10:11:00,2016-05-02 11:13:00,915,984,2016-05-02 15:11,2016-05-02 16:13,N657AE,0,245,B7,
AA1224,N,DFW,MCI,919,1015,559,615,1010,1052,610.0,652.0,2.0,,102,0,,C30,2016-05-02 07:35:00,2016-05-02 09:19:00,2016-05-02 07:27:00,2016-05-02 10:10:00,755,859,2016-05-02 12:27,2016-05-02 15:10,N566AA,48,246,,C10
AA1398,Y,LAS,DFW,920,1025,560,625,931,1021,571.0,621.0,2.0,Domestic,0,31,A33,,2016-05-02 10:25:00,2016-05-02 11:25:00,2016-05-02 10:21:00,2016-05-02 11:20:00,925,1105,2016-05-02 15:21,2016-05-02 18:20,N158AN,119,247,A19,
AA158,N,DFW,DEN,920,1025,560,625,931,1021,571.0,621.0,2.0,,88,0,,A33,2016-05-02 06:19:00,2016-05-02 09:20:00,2016-05-02 06:17:00,2016-05-02 09:31:00,739,860,2016-05-02 12:17,2016-05-02 14:31,N158AN,62,248,,A19
AA1349,N,DFW,RDU,921,951,561,591,1219,1303,739.0,783.0,2.0,Domestic,56,0,,A23,2016-05-02 07:10:00,2016-05-02 09:21:00,2016-05-02 09:54:00,2016-05-02 12:19:00,670,861,2016-05-02 13:54,2016-05-02 17:19,N932NN,94,249,,A17
AA1074,N,DFW,IND,921,951,561,591,1218,951,738.0,2031.0,2.0,,80,0,,C27,2016-05-02 07:55:00,2016-05-02 09:21:00,2016-05-02 10:41:00,2016-05-02 12:18:00,715,861,2016-05-02 14:41,2016-05-02 17:18,N480AA,70,250,,A15
AA5711,Y,COS,DFW,922,1025,562,625,927,,567.0,,3.0,Domestic,0,75,B45,,2016-05-02 10:25:00,2016-05-02 11:19:00,,,925,1039,,,N914FJ,0,251,B28,
AA5742,N,DFW,ABQ,922,1025,562,625,927,1244,567.0,764.0,3.0,,75,0,,B45,2016-05-02 06:35:00,2016-05-02 09:22:00,2016-05-02 06:28:00,2016-05-02 09:27:00,755,862,2016-05-02 12:28,2016-05-02 14:27,N914FJ,0,252,,B28
AA2820,N,DFW,VPS,923,1015,563,615,926,1011,566.0,611.0,3.0,,39,0,,B15,2016-05-02 07:05:00,2016-05-02 09:23:00,2016-05-02 07:05:00,2016-05-02 09:26:00,725,863,2016-05-02 12:05,2016-05-02 14:26,N667GB,36,253,,A9
AA103,Y,SJC,DFW,923,1040,563,640,951,1047,591.0,647.0,2.0,Domestic,0,-10,A25,,2016-05-02 10:40:00,2016-05-02 12:26:00,2016-05-02 10:47:00,2016-05-02 12:34:00,940,1166,2016-05-02 15:47,2016-05-02 19:34,N955NN,160,254,C2,
AA2898,Y,GGG,DFW,923,1015,563,615,926,1011,566.0,611.0,3.0,Domestic,0,35,B15,,2016-05-02 10:15:00,2016-05-02 11:05:00,2016-05-02 10:11:00,2016-05-02 10:59:00,915,965,2016-05-02 15:11,2016-05-02 15:59,N667GB,40,255,A9,
AA127,N,DFW,EWR,923,1040,563,640,951,1047,591.0,647.0,2.0,,90,0,,A25,2016-05-02 06:30:00,2016-05-02 09:23:00,2016-05-02 06:24:00,2016-05-02 09:51:00,630,863,2016-05-02 10:24,2016-05-02 14:51,N955NN,60,256,,C2
AA2187,N,DFW,BDL,924,1024,564,624,956,1037,596.0,637.0,2.0,,34,0,,A28,2016-05-02 06:15:00,2016-05-02 09:24:00,2016-05-02 06:10:00,2016-05-02 09:56:00,615,864,2016-05-02 10:10,2016-05-02 14:56,N814NN,116,257,,A8
AA1278,Y,SNA,DFW,924,1024,564,624,956,1037,596.0,637.0,2.0,Domestic,0,14,A28,,2016-05-02 10:24:00,2016-05-02 11:40:00,2016-05-02 10:37:00,2016-05-02 11:59:00,924,1120,2016-05-02 15:37,2016-05-02 18:59,N814NN,136,258,A8,
AA5816,Y,GRR,DFW,926,1040,566,640,917,1039,557.0,639.0,3.0,Domestic,0,75,B42,,2016-05-02 10:40:00,2016-05-02 14:10:00,2016-05-02 10:39:00,2016-05-02 13:40:00,940,1090,2016-05-02 15:39,2016-05-02 17:40,N947LR,0,259,C24,
AA5882,N,DFW,MSN,926,1040,566,640,917,1039,557.0,639.0,3.0,,75,0,,B42,2016-05-02 06:45:00,2016-05-02 09:26:00,2016-05-02 06:44:00,2016-05-02 09:17:00,705,866,2016-05-02 11:44,2016-05-02 14:17,N947LR,0,260,,C24
AA3527,Y,SAF,DFW,926,1015,566,615,911,1016,551.0,616.0,3.0,Domestic,0,75,B14,,2016-05-02 10:15:00,2016-05-02 11:01:00,2016-05-02 10:16:00,2016-05-02 11:01:00,915,1021,2016-05-02 15:16,2016-05-02 17:01,N833AE,0,261,B5,
AA2248,Y,BWI,DFW,926,1020,566,620,946,1034,586.0,634.0,2.0,Domestic,0,105,C6,,2016-05-02 10:20:00,2016-05-02 14:21:00,2016-05-02 10:34:00,2016-05-02 14:12:00,920,1101,2016-05-02 15:34,2016-05-02 18:12,N473AA,45,262,C8,
AA2363,N,DFW,FLL,926,1025,566,625,940,1029,580.0,629.0,2.0,,33,0,,A14,2016-05-02 07:09:00,2016-05-02 09:26:00,2016-05-02 07:06:00,2016-05-02 09:40:00,669,866,2016-05-02 11:06,2016-05-02 14:40,N941AN,117,263,,C16
AA3176,N,DFW,ABI,926,1015,566,615,911,1016,551.0,616.0,3.0,,75,0,,B14,2016-05-02 08:30:00,2016-05-02 09:26:00,2016-05-02 08:25:00,2016-05-02 09:11:00,810,866,2016-05-02 13:25,2016-05-02 14:11,N833AE,0,264,,B5
AA2569,N,DFW,IAD,926,1020,566,620,946,1034,586.0,634.0,2.0,,39,0,,C6,2016-05-02 07:05:00,2016-05-02 09:26:00,2016-05-02 07:03:00,2016-05-02 09:46:00,665,866,2016-05-02 11:03,2016-05-02 14:46,N473AA,111,265,,C8
AA1349,Y,SEA,DFW,926,1025,566,625,940,1029,580.0,629.0,2.0,Domestic,0,21,A14,,2016-05-02 10:25:00,2016-05-02 12:40:00,2016-05-02 10:29:00,2016-05-02 12:28:00,925,1180,2016-05-02 15:29,2016-05-02 19:28,N941AN,129,266,C16,
AA5716,N,DFW,HOU,927,957,567,597,1402,957,842.0,2037.0,3.0,,75,0,,B41,2016-05-02 08:03:00,2016-05-02 09:27:00,2016-05-02 12:48:00,2016-05-02 14:02:00,783,867,2016-05-02 17:48,2016-05-02 19:02,N942LR,0,267,,C26
AA3209,Y,OMA,DFW,928,1040,568,640,903,1035,543.0,635.0,3.0,Domestic,0,75,B11,,2016-05-02 10:40:00,2016-05-02 12:28:00,2016-05-02 10:35:00,2016-05-02 12:22:00,940,1048,2016-05-02 15:35,2016-05-02 17:22,N227NN,0,268,C29,
AA3309,N,DFW,CRP,928,1040,568,640,903,1035,543.0,635.0,3.0,,75,0,,B11,2016-05-02 08:00:00,2016-05-02 09:28:00,2016-05-02 07:49:00,2016-05-02 09:03:00,780,868,2016-05-02 12:49,2016-05-02 14:03,N227NN,0,269,,C29
AA3145,N,DFW,MGM,929,1015,569,615,933,1019,573.0,619.0,3.0,,75,0,,B33,2016-05-02 07:16:00,2016-05-02 09:29:00,2016-05-02 07:18:00,2016-05-02 09:33:00,736,869,2016-05-02 12:18,2016-05-02 14:33,N854AE,0,270,,C20
AA5,N,DFW,OKC,929,1020,569,620,950,1029,590.0,629.0,1.0,Domestic,163,0,,C26,2016-05-02 08:25:00,2016-05-02 09:29:00,2016-05-02 08:20:00,2016-05-02 09:50:00,805,869,2016-05-02 13:20,2016-05-02 14:50,N982TW,137,271,,A16
AA5644,Y,LBB,DFW,929,1055,569,655,935,1054,575.0,654.0,3.0,Domestic,0,75,B28,,2016-05-02 10:55:00,2016-05-02 12:07:00,2016-05-02 10:54:00,2016-05-02 12:12:00,955,1027,2016-05-02 15:54,2016-05-02 17:12,N247LR,0,272,C31,
AA302,N,DFW,TUS,929,1010,569,610,912,1007,552.0,607.0,2.0,,53,0,,C31,2016-05-02 05:15:00,2016-05-02 09:29:00,2016-05-02 05:09:00,2016-05-02 09:12:00,735,869,2016-05-02 12:09,2016-05-02 14:12,N9402W,97,273,,A23
AA5752,N,DFW,FSD,929,1055,569,655,935,1054,575.0,654.0,3.0,,75,0,,B28,2016-05-02 07:08:00,2016-05-02 09:29:00,2016-05-02 06:57:00,2016-05-02 09:35:00,728,869,2016-05-02 11:57,2016-05-02 14:35,N247LR,0,274,,C31
AA2533,Y,FAT,DFW,929,1020,569,620,950,1029,590.0,629.0,2.0,Domestic,0,19,C26,,2016-05-02 10:20:00,2016-05-02 11:52:00,2016-05-02 10:29:00,2016-05-02 11:49:00,920,1132,2016-05-02 15:29,2016-05-02 18:49,N982TW,131,275,A16,
AA3528,N,DFW,MHK,929,1025,569,625,953,1040,593.0,640.0,3.0,Domestic,75,0,,B13,2016-05-02 07:58:00,2016-05-02 09:29:00,2016-05-02 07:48:00,2016-05-02 09:53:00,778,869,2016-05-02 12:48,2016-05-02 14:53,N692AE,0,276,,B42
AA2335,Y,ORD,DFW,929,1010,569,610,912,1007,552.0,607.0,2.0,Domestic,0,128,C31,,2016-05-02 10:10:00,2016-05-02 12:32:00,2016-05-02 10:07:00,2016-05-02 12:12:00,910,1052,2016-05-02 15:07,2016-05-02 17:12,N9402W,22,277,A23,
AA3528,Y,CVG,DFW,929,1025,569,625,953,1040,593.0,640.0,3.0,Domestic,0,75,B13,,2016-05-02 10:25:00,2016-05-02 13:44:00,2016-05-02 10:40:00,2016-05-02 13:54:00,925,1064,2016-05-02 15:40,2016-05-02 17:54,N692AE,0,278,B42,
AA3378,Y,ROW,DFW,929,1015,569,615,933,1019,573.0,619.0,3.0,Domestic,0,75,B33,,2016-05-02 10:15:00,2016-05-02 10:45:00,2016-05-02 10:19:00,2016-05-02 10:47:00,915,1005,2016-05-02 15:19,2016-05-02 16:47,N854AE,0,279,C20,
AA176,Y,BOS,DFW,930,1020,570,620,945,1032,585.0,632.0,2.0,Domestic,0,89,A9,,2016-05-02 10:20:00,2016-05-02 15:00:00,2016-05-02 10:32:00,2016-05-02 14:42:00,920,1140,2016-05-02 15:32,2016-05-02 18:42,N809NN,61,280,A36,
AA1210,Y,MSP,DFW,930,1025,570,625,904,1042,544.0,642.0,2.0,Domestic,0,92,C24,,2016-05-02 10:25:00,2016-05-02 12:46:00,2016-05-02 10:42:00,2016-05-02 12:48:00,925,1066,2016-05-02 15:42,2016-05-02 17:48,N984TW,58,281,A24,
AA1012,N,DFW,RSW,930,1020,570,620,945,1032,585.0,632.0,2.0,,-10,0,,A9,2016-05-02 07:26:00,2016-05-02 09:30:00,2016-05-02 07:26:00,2016-05-02 09:45:00,686,870,2016-05-02 11:26,2016-05-02 14:45,N809NN,160,282,,A36
AA144,N,DFW,LBB,930,1025,570,625,904,1042,544.0,642.0,2.0,,76,0,,C24,2016-05-02 08:00:00,2016-05-02 09:30:00,2016-05-02 07:54:00,2016-05-02 09:04:00,780,870,2016-05-02 12:54,2016-05-02 14:04,N984TW,74,283,,A24
AA3215,N,DFW,ROW,932,1015,572,615,917,1013,557.0,613.0,3.0,,75,0,,B38,2016-05-02 06:58:00,2016-05-02 09:32:00,2016-05-02 06:50:00,2016-05-02 09:17:00,778,872,2016-05-02 12:50,2016-05-02 14:17,N813AE,0,284,,B11
AA3407,N,DFW,CMI,932,1045,572,645,957,1042,597.0,642.0,3.0,,75,0,,B35,2016-05-02 07:05:00,2016-05-02 09:32:00,2016-05-02 07:01:00,2016-05-02 09:57:00,725,872,2016-05-02 12:01,2016-05-02 14:57,N608LM,0,285,,C27
AA332,Y,RDU,DFW,932,1035,572,635,958,1053,598.0,653.0,2.0,Domestic,0,80,C12,,2016-05-02 10:35:00,2016-05-02 14:17:00,2016-05-02 10:53:00,2016-05-02 14:36:00,935,1097,2016-05-02 15:53,2016-05-02 18:36,N33502,70,286,C12,
AA3211,Y,AMA,DFW,932,1045,572,645,957,1042,597.0,642.0,3.0,Domestic,0,75,B35,,2016-05-02 10:45:00,2016-05-02 12:03:00,2016-05-02 10:42:00,2016-05-02 12:01:00,945,1023,2016-05-02 15:42,2016-05-02 17:01,N608LM,0,287,C27,
AA3715,Y,ABI,DFW,932,1015,572,615,917,1013,557.0,613.0,3.0,Domestic,0,75,B38,,2016-05-02 10:15:00,2016-05-02 11:05:00,2016-05-02 10:13:00,2016-05-02 11:14:00,915,965,2016-05-02 15:13,2016-05-02 16:14,N813AE,0,288,B11,
AA1259,N,DFW,YYZ,932,1035,572,635,958,1053,598.0,653.0,2.0,,150,0,,C12,2016-05-02 07:00:00,2016-05-02 09:32:00,2016-05-02 06:59:00,2016-05-02 09:58:00,660,872,2016-05-02 10:59,2016-05-02 14:58,N33502,0,289,,C12
AA3162,Y,BHM,DFW,934,1035,574,635,1005,1035,605.0,635.0,3.0,Domestic,0,75,B44,,2016-05-02 10:35:00,2016-05-02 12:24:00,2016-05-02 10:35:00,2016-05-02 12:25:00,935,1044,2016-05-02 15:35,2016-05-02 17:25,N664MS,0,290,B25,
AA5805,N,DFW,MAF,934,1015,574,615,931,1015,571.0,615.0,3.0,,75,0,,B47,2016-05-02 08:09:00,2016-05-02 09:34:00,2016-05-02 08:04:00,2016-05-02 09:31:00,789,874,2016-05-02 13:04,2016-05-02 14:31,N929LR,0,291,,C19
AA5786,Y,MFE,DFW,934,1015,574,615,931,1015,571.0,615.0,3.0,Domestic,0,75,B47,,2016-05-02 10:15:00,2016-05-02 11:46:00,2016-05-02 10:15:00,2016-05-02 11:44:00,915,1006,2016-05-02 15:15,2016-05-02 16:44,N929LR,0,292,C19,
AA3356,N,DFW,BIS,934,1020,574,620,918,1018,558.0,618.0,3.0,,75,0,,B32,2016-05-02 06:37:00,2016-05-02 09:34:00,2016-05-02 06:36:00,2016-05-02 09:18:00,697,874,2016-05-02 11:36,2016-05-02 14:18,N656AE,0,293,,B44
AA3198,N,DFW,FAR,934,1030,574,630,936,1027,576.0,627.0,,,0,0,,B16,2016-05-02 06:47:00,2016-05-02 09:34:00,2016-05-02 06:45:00,2016-05-02 09:36:00,707,874,2016-05-02 11:45,2016-05-02 14:36,N697AB,0,294,,B2
AA5708,Y,MSN,DFW,934,1025,574,625,942,1031,582.0,631.0,3.0,Domestic,0,75,B40,,2016-05-02 10:25:00,2016-05-02 12:42:00,2016-05-02 10:31:00,2016-05-02 12:30:00,925,1062,2016-05-02 15:31,2016-05-02 17:30,N925FJ,0,295,B12,
AA3235,N,DFW,BMI,934,1035,574,635,1005,1035,605.0,635.0,3.0,,75,0,,B44,2016-05-02 07:18:00,2016-05-02 09:34:00,2016-05-02 07:18:00,2016-05-02 10:05:00,738,874,2016-05-02 12:18,2016-05-02 15:05,N664MS,0,296,,B25
AA3506,Y,BMI,DFW,934,1020,574,620,918,1018,558.0,618.0,3.0,Domestic,0,75,B32,,2016-05-02 10:20:00,2016-05-02 12:18:00,2016-05-02 10:18:00,2016-05-02 11:57:00,920,1038,2016-05-02 15:18,2016-05-02 16:57,N656AE,0,297,B44,
AA3407,Y,MLM,DFW,934,1030,574,630,936,1027,576.0,627.0,,,0,0,B16,,2016-05-02 10:30:00,2016-05-02 13:09:00,2016-05-02 10:27:00,2016-05-02 12:58:00,930,1089,2016-05-02 15:27,2016-05-02 17:58,N697AB,0,298,B2,
AA5761,N,DFW,JAN,934,1025,574,625,942,1031,582.0,631.0,3.0,,75,0,,B40,2016-05-02 07:50:00,2016-05-02 09:34:00,2016-05-02 07:44:00,2016-05-02 09:42:00,770,874,2016-05-02 12:44,2016-05-02 14:42,N925FJ,0,299,,B12
AA5750,Y,MTY,DFW,935,1030,575,630,912,1031,552.0,631.0,3.0,,0,75,B49,,2016-05-02 10:30:00,2016-05-02 12:17:00,2016-05-02 10:31:00,2016-05-02 12:12:00,930,1037,2016-05-02 15:31,2016-05-02 17:12,N959LR,0,300,C28,
AA2202,Y,TUS,DFW,935,1025,575,625,953,1033,593.0,633.0,2.0,Domestic,0,25,C10,,2016-05-02 10:25:00,2016-05-02 10:50:00,2016-05-02 10:33:00,2016-05-02 10:55:00,925,1070,2016-05-02 15:33,2016-05-02 17:55,N494AA,125,301,A29,
AA5733,N,DFW,PNS,935,1030,575,630,912,1031,552.0,631.0,3.0,,75,0,,B49,2016-05-02 07:27:00,2016-05-02 09:35:00,2016-05-02 07:17:00,2016-05-02 09:12:00,747,875,2016-05-02 12:17,2016-05-02 14:12,N959LR,0,302,,C28
AA5,Y,HNL,DFW,935,1105,575,665,935,1104,575.0,664.0,1.0,Domestic,0,187,A23A,,2016-05-02 11:05:00,2016-05-02 14:39:00,2016-05-02 11:04:00,2016-05-02 14:34:00,965,39,2016-05-02 16:04,2016-05-03 00:34,N387AM,113,303,C21,
AA378,N,DFW,MSY,935,1040,575,640,950,1043,590.0,643.0,2.0,,55,0,,C29,2016-05-02 07:49:00,2016-05-02 09:35:00,2016-05-02 07:48:00,2016-05-02 09:50:00,769,875,2016-05-02 12:48,2016-05-02 14:50,N438AA,95,304,,C15
AA320,Y,SAT,DFW,935,1040,575,640,950,1043,590.0,643.0,2.0,Domestic,0,31,C29,,2016-05-02 10:40:00,2016-05-02 11:52:00,2016-05-02 10:43:00,2016-05-02 11:54:00,940,1012,2016-05-02 15:43,2016-05-02 16:54,N438AA,119,305,C15,
AA999,Y,CLE,DFW,935,1050,575,650,944,1047,584.0,647.0,2.0,Domestic,0,107,C2,,2016-05-02 10:50:00,2016-05-02 14:28:00,2016-05-02 10:47:00,2016-05-02 14:16:00,950,1108,2016-05-02 15:47,2016-05-02 18:16,N9626F,43,306,A22,
AA1135,N,DFW,DSM,935,1050,575,650,944,1047,584.0,647.0,2.0,,65,0,,C2,2016-05-02 07:28:00,2016-05-02 09:35:00,2016-05-02 07:19:00,2016-05-02 09:44:00,748,875,2016-05-02 12:19,2016-05-02 14:44,N9626F,85,307,,A22
AA1099,N,DFW,ORF,935,1025,575,625,953,1033,593.0,633.0,2.0,,46,0,,C10,2016-05-02 07:07:00,2016-05-02 09:35:00,2016-05-02 07:14:00,2016-05-02 09:53:00,667,875,2016-05-02 11:14,2016-05-02 14:53,N494AA,104,308,,A29
AA3249,N,DFW,GJT,939,1030,579,630,937,1030,577.0,630.0,3.0,,75,0,,B39,2016-05-02 06:25:00,2016-05-02 09:39:00,2016-05-02 06:17:00,2016-05-02 09:37:00,745,879,2016-05-02 12:17,2016-05-02 14:37,N922AE,0,309,,B40
AA5698,Y,MAF,DFW,939,1035,579,635,947,1034,587.0,634.0,3.0,Domestic,0,75,B12,,2016-05-02 10:35:00,2016-05-02 11:54:00,2016-05-02 10:34:00,2016-05-02 11:53:00,935,1014,2016-05-02 15:34,2016-05-02 16:53,N243LR,0,310,B43,
AA3364,Y,CRP,DFW,939,1035,579,635,931,1032,571.0,632.0,3.0,Domestic,0,75,B9,,2016-05-02 10:35:00,2016-05-02 12:01:00,2016-05-02 10:32:00,2016-05-02 12:02:00,935,1021,2016-05-02 15:32,2016-05-02 17:02,N221NN,0,311,B29,
AA2811,N,DFW,TYS,939,1020,579,620,1000,1039,600.0,639.0,3.0,Domestic,40,0,,B30,2016-05-02 08:06:00,2016-05-02 09:39:00,2016-05-02 07:59:00,2016-05-02 10:00:00,726,879,2016-05-02 11:59,2016-05-02 15:00,N676AE,35,312,,A33
AA2811,Y,SHV,DFW,939,1020,579,620,1000,1039,600.0,639.0,3.0,Domestic,0,39,B30,,2016-05-02 10:20:00,2016-05-02 11:20:00,2016-05-02 10:39:00,2016-05-02 11:50:00,920,980,2016-05-02 15:39,2016-05-02 16:50,N676AE,36,313,A33,
AA3227,N,DFW,CHS,939,1035,579,635,931,1032,571.0,632.0,3.0,,75,0,,B9,2016-05-02 07:29:00,2016-05-02 09:39:00,2016-05-02 07:27:00,2016-05-02 09:31:00,689,879,2016-05-02 11:27,2016-05-02 14:31,N221NN,0,314,,B29
AA3644,Y,SGF,DFW,939,1030,579,630,937,1030,577.0,630.0,3.0,Domestic,0,75,B39,,2016-05-02 10:30:00,2016-05-02 11:51:00,2016-05-02 10:30:00,2016-05-02 11:48:00,930,1011,2016-05-02 15:30,2016-05-02 16:48,N922AE,0,315,B40,
AA2457,Y,TPA,DFW,939,1020,579,620,955,1039,595.0,639.0,2.0,Domestic,0,116,C11,,2016-05-02 10:20:00,2016-05-02 13:45:00,2016-05-02 10:39:00,2016-05-02 13:52:00,920,1065,2016-05-02 15:39,2016-05-02 17:52,N486AA,34,316,A11,
AA2303,N,DFW,ORD,939,1020,579,620,955,1039,595.0,639.0,2.0,,111,0,,C11,2016-05-02 07:05:00,2016-05-02 09:39:00,2016-05-02 07:00:00,2016-05-02 09:55:00,725,879,2016-05-02 12:00,2016-05-02 14:55,N486AA,39,317,,A11
AA5703,N,DFW,BHM,939,1035,579,635,947,1034,587.0,634.0,3.0,,75,0,,B12,2016-05-02 07:26:00,2016-05-02 09:39:00,2016-05-02 07:20:00,2016-05-02 09:47:00,746,879,2016-05-02 12:20,2016-05-02 14:47,N243LR,0,318,,B43
AA5713,Y,IAH,DFW,940,1110,580,670,940,1107,580.0,667.0,3.0,Domestic,0,75,B25,,2016-05-02 11:10:00,2016-05-02 12:20:00,2016-05-02 11:07:00,2016-05-02 12:26:00,970,1040,2016-05-02 16:07,2016-05-02 17:26,N241LR,0,319,C35,
AA2807,Y,ICT,DFW,940,1110,580,670,940,1110,580.0,670.0,3.0,Domestic,0,47,B29,,2016-05-02 11:10:00,2016-05-02 12:27:00,2016-05-02 11:10:00,2016-05-02 12:20:00,970,1047,2016-05-02 16:10,2016-05-02 17:20,N685AE,28,320,B32,
AA1534,Y,MKE,DFW,940,1040,580,640,1011,1059,611.0,659.0,2.0,Domestic,0,116,C8,,2016-05-02 10:40:00,2016-05-02 13:00:00,2016-05-02 10:59:00,2016-05-02 13:01:00,940,1080,2016-05-02 15:59,2016-05-02 18:01,N964TW,34,321,A10,
AA2263,N,DFW,CMH,940,1040,580,640,1011,1059,611.0,659.0,2.0,,75,0,,C8,2016-05-02 07:46:00,2016-05-02 09:40:00,2016-05-02 08:03:00,2016-05-02 10:11:00,706,880,2016-05-02 12:03,2016-05-02 15:11,N964TW,75,322,,A10
AA672,N,DFW,LAS,941,1040,581,640,957,1045,597.0,645.0,2.0,,66,0,,C35,2016-05-02 05:00:00,2016-05-02 09:41:00,2016-05-02 04:56:00,2016-05-02 09:57:00,720,881,2016-05-02 11:56,2016-05-02 14:57,N585UW,84,323,,A20
AA5683,N,DFW,CAE,941,1011,581,611,,1011,,611.0,,,0,0,,B7,2016-05-02 07:42:00,2016-05-02 09:41:00,,,702,881,,,N903FJ,0,324,,C39
AA698,Y,SAN,DFW,941,1040,581,640,957,1045,597.0,645.0,2.0,Domestic,0,21,C35,,2016-05-02 10:40:00,2016-05-02 11:51:00,2016-05-02 10:45:00,2016-05-02 12:02:00,940,1131,2016-05-02 15:45,2016-05-02 19:02,N585UW,129,325,A20,
AA43,Y,DTW,DFW,943,1055,583,655,1002,1053,602.0,653.0,2.0,Domestic,0,106,A36,,2016-05-02 10:55:00,2016-05-02 14:37:00,2016-05-02 10:53:00,2016-05-02 14:11:00,955,1117,2016-05-02 15:53,2016-05-02 18:11,N987NN,44,326,A35,
AA1219,N,DFW,SLC,943,1050,583,650,940,1044,580.0,644.0,2.0,,64,0,,C15,2016-05-02 06:00:00,2016-05-02 09:43:00,2016-05-02 05:51:00,2016-05-02 09:40:00,720,883,2016-05-02 11:51,2016-05-02 14:40,N426AA,86,327,,A21
AA1423,N,DFW,PBI,943,1055,583,655,1002,1053,602.0,653.0,2.0,,49,0,,A36,2016-05-02 07:27:00,2016-05-02 09:43:00,2016-05-02 07:20:00,2016-05-02 10:02:00,687,883,2016-05-02 11:20,2016-05-02 15:02,N987NN,101,328,,A35
AA5780,Y,QRO,DFW,943,1040,583,640,932,1035,572.0,635.0,,,0,0,B3,,2016-05-02 10:40:00,2016-05-02 13:04:00,2016-05-02 10:35:00,2016-05-02 13:06:00,940,1084,2016-05-02 15:35,2016-05-02 18:06,N951LR,0,329,B1,
AA5766,N,DFW,AMA,943,1040,583,640,932,1035,572.0,635.0,,,0,0,,B3,2016-05-02 08:19:00,2016-05-02 09:43:00,2016-05-02 08:10:00,2016-05-02 09:32:00,799,883,2016-05-02 13:10,2016-05-02 14:32,N951LR,0,330,,B1
AA3409,N,DFW,CVG,943,1013,583,613,1120,1203,680.0,723.0,,,0,0,,B1,2016-05-02 08:01:00,2016-05-02 09:43:00,2016-05-02 09:03:00,2016-05-02 11:20:00,721,883,2016-05-02 13:03,2016-05-02 16:20,N601DW,0,331,,C37
AA1426,Y,PIT,DFW,943,1050,583,650,940,1044,580.0,644.0,2.0,Domestic,0,104,C15,,2016-05-02 10:50:00,2016-05-02 14:30:00,2016-05-02 10:44:00,2016-05-02 14:16:00,950,1110,2016-05-02 15:44,2016-05-02 18:16,N426AA,46,332,A21,
AA3344,N,DFW,LIT,944,1030,584,630,941,1049,581.0,649.0,3.0,,75,0,,B7,2016-05-02 08:16:00,2016-05-02 09:44:00,2016-05-02 08:09:00,2016-05-02 09:41:00,796,884,2016-05-02 13:09,2016-05-02 14:41,N229NN,0,333,,B26
AA3358,Y,MEM,DFW,944,1030,584,630,941,1049,581.0,649.0,3.0,Domestic,0,75,B7,,2016-05-02 10:30:00,2016-05-02 12:03:00,2016-05-02 10:49:00,2016-05-02 12:36:00,930,1023,2016-05-02 15:49,2016-05-02 17:36,N229NN,0,334,B26,
AA175,N,DFW,BOS,944,1014,584,614,955,1245,595.0,765.0,2.0,,59,0,,A13,2016-05-02 06:15:00,2016-05-02 09:44:00,2016-05-02 06:11:00,2016-05-02 09:55:00,615,884,2016-05-02 10:11,2016-05-02 14:55,N140AN,91,335,,A18
AA3677,N,DFW,PIA,948,1018,588,618,1100,1146,660.0,706.0,3.0,,75,0,,B14,2016-05-02 07:29:00,2016-05-02 09:48:00,2016-05-02 08:22:00,2016-05-02 11:00:00,749,888,2016-05-02 13:22,2016-05-02 16:00,N644AE,0,336,,B4
AA5639,N,DFW,ICT,949,1045,589,645,959,1048,599.0,648.0,3.0,,75,0,,B4,2016-05-02 08:21:00,2016-05-02 09:49:00,2016-05-02 08:38:00,2016-05-02 09:59:00,801,889,2016-05-02 13:38,2016-05-02 14:59,N927LR,0,337,,B27
AA5722,Y,HSV,DFW,949,1045,589,645,1014,1053,614.0,653.0,3.0,Domestic,0,75,B41,,2016-05-02 10:45:00,2016-05-02 12:33:00,2016-05-02 10:53:00,2016-05-02 12:44:00,945,1053,2016-05-02 15:53,2016-05-02 17:44,N952LR,0,338,C30,
AA5781,Y,SLP,DFW,949,1045,589,645,959,1048,599.0,648.0,3.0,,0,75,B4,,2016-05-02 10:45:00,2016-05-02 12:59:00,2016-05-02 10:48:00,2016-05-02 13:13:00,945,1079,2016-05-02 15:48,2016-05-02 18:13,N927LR,0,339,B27,
AA5787,N,DFW,SDF,949,1045,589,645,1014,1053,614.0,653.0,3.0,,75,0,,B41,2016-05-02 08:21:00,2016-05-02 09:49:00,2016-05-02 08:34:00,2016-05-02 10:14:00,741,889,2016-05-02 12:34,2016-05-02 15:14,N952LR,0,340,,C30
AA1004,N,DFW,AUS,953,1023,593,623,1014,1111,614.0,671.0,2.0,Domestic,19,0,,C33,2016-05-02 08:45:00,2016-05-02 09:53:00,2016-05-02 08:44:00,2016-05-02 10:14:00,825,893,2016-05-02 13:44,2016-05-02 15:14,N9622A,131,341,,A17
AA565,N,DFW,CLT,954,1140,594,700,1004,1131,604.0,691.0,2.0,,105,0,,C37,2016-05-02 08:00:00,2016-05-02 09:54:00,2016-05-02 07:48:00,2016-05-02 10:04:00,720,894,2016-05-02 11:48,2016-05-02 15:04,N915US,45,342,,A15
AA1414,Y,AUS,DFW,954,1100,594,660,1022,1057,622.0,657.0,2.0,Domestic,0,58,C19,,2016-05-02 11:00:00,2016-05-02 12:02:00,2016-05-02 10:57:00,2016-05-02 12:04:00,960,1022,2016-05-02 15:57,2016-05-02 17:04,N570AA,92,343,A14,
AA1719,Y,CLT,DFW,954,1140,594,700,1004,1131,604.0,691.0,2.0,Domestic,0,103,C37,,2016-05-02 11:40:00,2016-05-02 15:11:00,2016-05-02 11:31:00,2016-05-02 15:07:00,1000,1151,2016-05-02 16:31,2016-05-02 19:07,N915US,47,344,A15,
AA1442,N,DFW,STL,954,1100,594,660,1022,1057,622.0,657.0,2.0,,104,0,,C19,2016-05-02 07:49:00,2016-05-02 09:54:00,2016-05-02 07:51:00,2016-05-02 10:22:00,769,894,2016-05-02 12:51,2016-05-02 15:22,N570AA,46,345,,A14
AA263,N,DFW,LGA,958,1055,598,655,1001,1104,601.0,664.0,2.0,,82,0,,A20,2016-05-02 07:00:00,2016-05-02 09:58:00,2016-05-02 06:51:00,2016-05-02 10:01:00,660,898,2016-05-02 10:51,2016-05-02 15:01,N980NN,68,346,,A13
AA2425,Y,LAX,DFW,958,1055,598,655,1001,1104,601.0,664.0,2.0,Domestic,0,63,A20,,2016-05-02 10:55:00,2016-05-02 12:23:00,2016-05-02 11:04:00,2016-05-02 12:29:00,955,1163,2016-05-02 16:04,2016-05-02 19:29,N980NN,87,347,A13,
AA3409,Y,AGU,DFW,959,1030,599,630,934,1035,574.0,635.0,3.0,,0,75,B1,,2016-05-02 10:30:00,2016-05-02 12:58:00,2016-05-02 10:35:00,2016-05-02 13:05:00,930,1078,2016-05-02 15:35,2016-05-02 18:05,N900AE,0,348,C26,
AA3398,N,DFW,CUU,959,1030,599,630,934,1035,574.0,635.0,3.0,,75,0,,B1,2016-05-02 07:03:00,2016-05-02 09:59:00,2016-05-02 06:50:00,2016-05-02 09:34:00,783,899,2016-05-02 12:50,2016-05-02 14:34,N900AE,0,349,,C26
AA2404,N,DFW,LAX,1009,1105,609,665,956,1104,596.0,664.0,2.0,,95,0,,A15,2016-05-02 05:08:00,2016-05-02 10:09:00,2016-05-02 05:06:00,2016-05-02 09:56:00,728,909,2016-05-02 12:06,2016-05-02 14:56,N131NN,55,350,,A25
AA259,Y,SFO,DFW,1009,1105,609,665,956,1104,596.0,664.0,2.0,Domestic,0,72,A15,,2016-05-02 11:05:00,2016-05-02 12:55:00,2016-05-02 11:04:00,2016-05-02 12:49:00,965,1195,2016-05-02 16:04,2016-05-02 19:49,N131NN,78,351,A25,
AA5892,N,DFW,IAH,1011,1050,611,650,1007,1122,607.0,682.0,3.0,Domestic,75,0,,B27,2016-05-02 08:50:00,2016-05-02 10:11:00,2016-05-02 08:47:00,2016-05-02 10:07:00,830,911,2016-05-02 13:47,2016-05-02 15:07,N909FJ,0,352,,C11
AA5759,Y,JAN,DFW,1011,1050,611,650,1007,1122,607.0,682.0,3.0,Domestic,0,75,B27,,2016-05-02 10:50:00,2016-05-02 12:15:00,2016-05-02 11:22:00,2016-05-02 12:37:00,950,1035,2016-05-02 16:22,2016-05-02 17:37,N909FJ,0,353,C11,
AA2799,Y,MLU,DFW,1014,1205,614,725,1018,1201,618.0,721.0,3.0,Domestic,0,23,B37,,2016-05-02 12:05:00,2016-05-02 13:19:00,2016-05-02 12:01:00,2016-05-02 13:14:00,1025,1099,2016-05-02 17:01,2016-05-02 18:14,N671AE,52,354,B24,
AA2412,N,DFW,SAT,1014,1115,614,675,1014,1108,614.0,668.0,2.0,Domestic,73,0,,C17,2016-05-02 09:00:00,2016-05-02 10:14:00,2016-05-02 08:54:00,2016-05-02 10:14:00,840,914,2016-05-02 13:54,2016-05-02 15:14,N968TW,77,355,,A23
AA335,Y,ORD,DFW,1014,1115,614,675,1014,1108,614.0,668.0,2.0,Domestic,0,134,C17,,2016-05-02 11:15:00,2016-05-02 13:36:00,2016-05-02 11:08:00,2016-05-02 13:26:00,975,1116,2016-05-02 16:08,2016-05-02 18:26,N968TW,16,356,A23,
AA2807,N,DFW,SPI,1014,1205,614,725,1018,1201,618.0,721.0,3.0,Domestic,60,0,,B37,2016-05-02 08:09:00,2016-05-02 10:14:00,2016-05-02 08:08:00,2016-05-02 10:18:00,789,914,2016-05-02 13:08,2016-05-02 15:18,N671AE,15,357,,B24
AA3342,Y,GRI,DFW,1020,1150,620,710,1020,1145,620.0,705.0,3.0,Domestic,0,75,B15,,2016-05-02 11:50:00,2016-05-02 13:39:00,2016-05-02 11:45:00,2016-05-02 13:21:00,1010,1119,2016-05-02 16:45,2016-05-02 18:21,N827AE,0,358,C20,
AA1094,Y,BOS,DFW,1020,1150,620,710,955,1245,595.0,765.0,2.0,Domestic,0,81,A13,,2016-05-02 11:50:00,2016-05-02 16:30:00,2016-05-02 12:45:00,2016-05-02 17:10:00,1010,1230,2016-05-02 17:45,2016-05-02 21:10,N140AN,69,359,C7,
AA3283,Y,MLI,DFW,1020,1150,620,710,1100,1146,660.0,706.0,3.0,Domestic,0,75,B14,,2016-05-02 11:50:00,2016-05-02 13:50:00,2016-05-02 11:46:00,2016-05-02 13:32:00,1010,1130,2016-05-02 16:46,2016-05-02 18:32,N644AE,0,360,C33,
AA3403,Y,XNA,DFW,1025,1155,625,715,1025,1151,625.0,711.0,3.0,Domestic,0,75,B31,,2016-05-02 11:55:00,2016-05-02 13:06:00,2016-05-02 11:51:00,2016-05-02 12:56:00,1015,1086,2016-05-02 16:51,2016-05-02 17:56,N539EA,0,361,C19,
AA3435,Y,FSM,DFW,1025,1155,625,715,1145,1228,705.0,748.0,3.0,Domestic,0,75,B49,,2016-05-02 11:55:00,2016-05-02 12:58:00,2016-05-02 12:28:00,2016-05-02 13:34:00,1015,1078,2016-05-02 17:28,2016-05-02 18:34,N649PP,0,362,B12,
AA1034,Y,MEM,DFW,1025,1155,625,715,1025,1319,625.0,799.0,2.0,Domestic,0,55,C29,,2016-05-02 11:55:00,2016-05-02 13:26:00,2016-05-02 13:19:00,2016-05-02 14:43:00,1015,1106,2016-05-02 18:19,2016-05-02 19:43,N8009T,95,363,A38,
AA5650,Y,GDL,DFW,1030,1200,630,720,1030,1212,630.0,732.0,,,0,0,B26,,2016-05-02 12:00:00,2016-05-02 14:45:00,2016-05-02 12:12:00,2016-05-02 15:02:00,1020,1185,2016-05-02 17:12,2016-05-02 20:02,N249LR,0,364,B39,
AA3439,Y,MOB,DFW,1035,1205,635,725,1035,1221,635.0,741.0,3.0,Domestic,0,75,B48,,2016-05-02 12:05:00,2016-05-02 13:49:00,2016-05-02 12:21:00,2016-05-02 14:19:00,1025,1129,2016-05-02 17:21,2016-05-02 19:19,N648AE,0,365,B43,
AA2200,N,DFW,COS,1040,1155,640,715,1047,1229,647.0,749.0,,,-95,0,,C6,2016-05-02 07:45:00,2016-05-02 10:40:00,2016-05-02 07:44:00,2016-05-02 10:47:00,825,940,2016-05-02 13:44,2016-05-02 15:47,N590AA,95,366,,C39
AA5656,Y,ICT,DFW,1040,1210,640,730,1040,1205,640.0,725.0,3.0,Domestic,0,75,B2,,2016-05-02 12:10:00,2016-05-02 13:29:00,2016-05-02 12:05:00,2016-05-02 13:19:00,1030,1109,2016-05-02 17:05,2016-05-02 18:19,N329MS,0,367,B31,
AA1565,N,DFW,MFE,1040,1145,640,705,1050,1141,650.0,701.0,2.0,,72,0,,C24,2016-05-02 08:58:00,2016-05-02 10:40:00,2016-05-02 08:51:00,2016-05-02 10:50:00,838,940,2016-05-02 13:51,2016-05-02 15:50,N9619V,78,368,,A11
AA2261,Y,PVR,DFW,1040,1155,640,715,1047,1229,647.0,749.0,,,0,0,C6,,2016-05-02 11:55:00,2016-05-02 14:36:00,2016-05-02 12:29:00,2016-05-02 15:18:00,1015,1176,2016-05-02 17:29,2016-05-02 20:18,N590AA,0,369,C39,
AA326,Y,STL,DFW,1040,1145,640,705,1050,1141,650.0,701.0,2.0,Domestic,0,103,C24,,2016-05-02 11:45:00,2016-05-02 13:23:00,2016-05-02 11:41:00,2016-05-02 13:05:00,1005,1103,2016-05-02 16:41,2016-05-02 18:05,N9619V,47,370,A11,
AA1345,Y,JFK,DFW,1040,1150,640,710,1022,1144,622.0,704.0,2.0,Domestic,0,-2,A18,,2016-05-02 11:50:00,2016-05-02 16:27:00,2016-05-02 11:44:00,2016-05-02 16:20:00,1010,1227,2016-05-02 16:44,2016-05-02 20:20,N836NN,152,371,A16,
AA1345,N,DFW,ATL,1040,1150,640,710,1022,1144,622.0,704.0,2.0,Domestic,125,0,,A18,2016-05-02 09:09:00,2016-05-02 10:40:00,2016-05-02 09:03:00,2016-05-02 10:22:00,789,940,2016-05-02 13:03,2016-05-02 15:22,N836NN,25,372,,A16
AA3385,Y,CUU,DFW,1040,1210,640,730,1120,1203,680.0,723.0,,,0,0,B1,,2016-05-02 12:10:00,2016-05-02 13:15:00,2016-05-02 12:03:00,2016-05-02 13:13:00,1030,1155,2016-05-02 17:03,2016-05-02 19:13,N601DW,0,373,B25,
AA694,Y,PHX,DFW,1042,1150,642,710,1030,1151,630.0,711.0,2.0,Domestic,0,99,C31,,2016-05-02 11:50:00,2016-05-02 12:27:00,2016-05-02 11:51:00,2016-05-02 12:27:00,1010,1167,2016-05-02 16:51,2016-05-02 19:27,N205UW,51,374,C10,
AA549,N,DFW,PHX,1042,1150,642,710,1030,1151,630.0,711.0,2.0,,72,0,,C31,2016-05-02 06:25:00,2016-05-02 10:42:00,2016-05-02 06:20:00,2016-05-02 10:30:00,805,942,2016-05-02 13:20,2016-05-02 15:30,N205UW,78,375,,C10
AA3237,Y,FAR,DFW,1044,1200,644,720,1045,1156,645.0,716.0,3.0,Domestic,0,75,B33,,2016-05-02 12:00:00,2016-05-02 14:38:00,2016-05-02 11:56:00,2016-05-02 14:28:00,1020,1178,2016-05-02 16:56,2016-05-02 19:28,N639AE,0,376,C29,
AA3546,N,DFW,MLI,1044,1200,644,720,1045,1156,645.0,716.0,3.0,,75,0,,B33,2016-05-02 08:28:00,2016-05-02 10:44:00,2016-05-02 08:24:00,2016-05-02 10:45:00,808,944,2016-05-02 13:24,2016-05-02 15:45,N639AE,0,377,,C29
AA2082,N,DFW,LAS,1045,1225,645,745,1030,1220,630.0,740.0,2.0,,75,0,,C39,2016-05-02 06:04:00,2016-05-02 10:45:00,2016-05-02 05:59:00,2016-05-02 10:30:00,784,945,2016-05-02 12:59,2016-05-02 15:30,N191UW,75,378,,B9
AA670,Y,LAS,DFW,1045,1225,645,745,1030,1220,630.0,740.0,2.0,Domestic,0,107,C39,,2016-05-02 12:25:00,2016-05-02 13:26:00,2016-05-02 12:20:00,2016-05-02 13:19:00,1045,1226,2016-05-02 17:20,2016-05-02 20:19,N191UW,43,379,B9,
AA2310,Y,SEA,DFW,1045,1200,645,720,1039,1156,639.0,716.0,2.0,Domestic,0,85,A9,,2016-05-02 12:00:00,2016-05-02 14:16:00,2016-05-02 11:56:00,2016-05-02 13:52:00,1020,1276,2016-05-02 16:56,2016-05-02 20:52,N157AA,65,380,C8,
AA2485,Y,LAX,DFW,1045,1155,645,715,1044,1154,644.0,714.0,2.0,Domestic,0,94,A28,,2016-05-02 11:55:00,2016-05-02 13:21:00,2016-05-02 11:54:00,2016-05-02 13:11:00,1015,1221,2016-05-02 16:54,2016-05-02 20:11,N142AN,56,381,C12,
AA205,N,DFW,MCO,1045,1155,645,715,1044,1154,644.0,714.0,2.0,,90,0,,A28,2016-05-02 08:47:00,2016-05-02 10:45:00,2016-05-02 08:39:00,2016-05-02 10:44:00,767,945,2016-05-02 12:39,2016-05-02 15:44,N142AN,60,382,,C12
AA2298,N,DFW,SFO,1045,1200,645,720,1039,1156,639.0,716.0,2.0,,65,0,,A9,2016-05-02 05:15:00,2016-05-02 10:45:00,2016-05-02 05:09:00,2016-05-02 10:39:00,735,945,2016-05-02 12:09,2016-05-02 15:39,N157AA,85,383,,C8
AA340,Y,MCI,DFW,1048,1200,648,720,1052,1155,652.0,715.0,2.0,Domestic,0,91,A33,,2016-05-02 12:00:00,2016-05-02 13:36:00,2016-05-02 11:55:00,2016-05-02 13:36:00,1020,1116,2016-05-02 16:55,2016-05-02 18:36,N853NN,59,384,A10,
AA137,N,DFW,LGA,1048,1200,648,720,1052,1155,652.0,715.0,2.0,,78,0,,A33,2016-05-02 07:50:00,2016-05-02 10:48:00,2016-05-02 07:50:00,2016-05-02 10:52:00,710,948,2016-05-02 11:50,2016-05-02 15:52,N853NN,72,385,,A10
AA1282,N,DFW,ABQ,1049,1155,649,715,1051,1151,651.0,711.0,2.0,,14,0,,C29,2016-05-02 08:00:00,2016-05-02 10:49:00,2016-05-02 07:57:00,2016-05-02 10:51:00,840,949,2016-05-02 13:57,2016-05-02 15:51,N479AA,136,386,,A36
AA1330,Y,ELP,DFW,1049,1155,649,715,1051,1151,651.0,711.0,2.0,Domestic,0,71,C29,,2016-05-02 11:55:00,2016-05-02 12:41:00,2016-05-02 11:51:00,2016-05-02 12:38:00,1015,1121,2016-05-02 16:51,2016-05-02 18:38,N479AA,79,387,A36,
AA2341,N,DFW,PHL,1052,1235,652,755,1111,1229,671.0,749.0,2.0,,94,0,,A15,2016-05-02 07:59:00,2016-05-02 10:52:00,2016-05-02 07:59:00,2016-05-02 11:11:00,719,952,2016-05-02 11:59,2016-05-02 16:11,N907NN,56,388,,B6
AA2222,Y,AUS,DFW,1052,1235,652,755,1111,1229,671.0,749.0,2.0,Domestic,0,78,A15,,2016-05-02 12:35:00,2016-05-02 13:39:00,2016-05-02 12:29:00,2016-05-02 13:41:00,1055,1119,2016-05-02 17:29,2016-05-02 18:41,N907NN,72,389,B6,
AA3276,N,DFW,HOU,1053,1154,653,714,1053,1153,653.0,713.0,3.0,,75,0,,B9,2016-05-02 09:37:00,2016-05-02 10:53:00,2016-05-02 09:29:00,2016-05-02 10:53:00,877,953,2016-05-02 14:29,2016-05-02 15:53,N224NN,0,390,,B28
AA3577,Y,SAV,DFW,1053,1154,653,714,1053,1153,653.0,713.0,3.0,Domestic,0,75,B9,,2016-05-02 11:54:00,2016-05-02 15:18:00,2016-05-02 11:53:00,2016-05-02 15:18:00,1014,1158,2016-05-02 16:53,2016-05-02 19:18,N224NN,0,391,B28,
AA1191,Y,BNA,DFW,1055,1155,655,715,1053,1148,653.0,708.0,2.0,Domestic,0,70,A10,,2016-05-02 11:55:00,2016-05-02 13:45:00,2016-05-02 11:48:00,2016-05-02 13:25:00,1015,1125,2016-05-02 16:48,2016-05-02 18:25,N915NN,80,392,A37,
AA1528,N,DFW,PSP,1055,1155,655,715,1053,1148,653.0,708.0,2.0,,10,0,,A10,2016-05-02 06:00:00,2016-05-02 10:55:00,2016-05-02 05:59:00,2016-05-02 10:53:00,780,955,2016-05-02 12:59,2016-05-02 15:53,N915NN,140,393,,A37
AA2800,N,DFW,TUL,1055,1150,655,710,1045,1144,645.0,704.0,3.0,,34,0,,B38,2016-05-02 09:35:00,2016-05-02 10:55:00,2016-05-02 09:29:00,2016-05-02 10:45:00,875,955,2016-05-02 14:29,2016-05-02 15:45,N678AE,41,394,,C2
AA2796,Y,SPI,DFW,1055,1150,655,710,1045,1144,645.0,704.0,3.0,Domestic,0,27,B38,,2016-05-02 11:50:00,2016-05-02 13:43:00,2016-05-02 11:44:00,2016-05-02 13:23:00,1010,1123,2016-05-02 16:44,2016-05-02 18:23,N678AE,48,395,C2,
AA3139,N,DFW,XNA,1057,1150,657,710,1050,1148,650.0,708.0,3.0,Domestic,75,0,,B12,2016-05-02 09:38:00,2016-05-02 10:57:00,2016-05-02 09:31:00,2016-05-02 10:50:00,878,957,2016-05-02 14:31,2016-05-02 15:50,N230NN,0,396,,B29
AA3544,Y,CHS,DFW,1057,1150,657,710,1050,1148,650.0,708.0,3.0,Domestic,0,75,B12,,2016-05-02 11:50:00,2016-05-02 15:22:00,2016-05-02 11:48:00,2016-05-02 15:10:00,1010,1162,2016-05-02 16:48,2016-05-02 19:10,N230NN,0,397,B29,
AA1604,N,DFW,IAH,1057,1150,657,710,1110,1148,670.0,708.0,2.0,,84,0,,C4,2016-05-02 09:38:00,2016-05-02 10:57:00,2016-05-02 09:55:00,2016-05-02 11:10:00,878,957,2016-05-02 14:55,2016-05-02 16:10,N8027D,66,398,,A13
AA2318,N,DFW,DEN,1057,1205,657,725,1042,1220,642.0,740.0,2.0,,67,0,,A29,2016-05-02 07:55:00,2016-05-02 10:57:00,2016-05-02 07:51:00,2016-05-02 10:42:00,835,957,2016-05-02 13:51,2016-05-02 15:42,N153AN,83,399,,C6
AA206,Y,MIA,DFW,1057,1205,657,725,1042,1220,642.0,740.0,2.0,Domestic,0,81,A29,,2016-05-02 12:05:00,2016-05-02 15:58:00,2016-05-02 12:20:00,2016-05-02 16:40:00,1025,1198,2016-05-02 17:20,2016-05-02 20:40,N153AN,69,400,C6,
AA1251,Y,SDF,DFW,1057,1150,657,710,1110,1148,670.0,708.0,2.0,Domestic,0,70,C4,,2016-05-02 11:50:00,2016-05-02 14:54:00,2016-05-02 11:48:00,2016-05-02 14:36:00,1010,1134,2016-05-02 16:48,2016-05-02 18:36,N8027D,80,401,A13,
AA1047,N,DFW,SLC,1058,1200,658,720,1029,1206,629.0,726.0,2.0,,54,0,,A17,2016-05-02 07:10:00,2016-05-02 10:58:00,2016-05-02 07:05:00,2016-05-02 10:29:00,790,958,2016-05-02 13:05,2016-05-02 15:29,N890NN,96,402,,A29
AA2284,Y,MCO,DFW,1058,1215,658,735,1036,1214,636.0,734.0,2.0,Domestic,0,58,A14,,2016-05-02 12:15:00,2016-05-02 15:54:00,2016-05-02 12:14:00,2016-05-02 15:43:00,1035,1194,2016-05-02 17:14,2016-05-02 19:43,N934NN,92,403,A33,
AA1201,Y,LGA,DFW,1058,1200,658,720,1029,1206,629.0,726.0,2.0,Domestic,0,64,A17,,2016-05-02 12:00:00,2016-05-02 16:27:00,2016-05-02 12:06:00,2016-05-02 16:25:00,1020,1227,2016-05-02 17:06,2016-05-02 20:25,N890NN,86,404,A29,
AA1475,N,DFW,PDX,1058,1215,658,735,1036,1214,636.0,734.0,2.0,,34,0,,A14,2016-05-02 05:01:00,2016-05-02 10:58:00,2016-05-02 04:57:00,2016-05-02 10:36:00,721,958,2016-05-02 11:57,2016-05-02 15:36,N934NN,116,405,,A33
AA5804,Y,GSO,DFW,1059,1150,659,710,1121,1221,681.0,741.0,3.0,Domestic,0,75,B8,,2016-05-02 11:50:00,2016-05-02 15:25:00,2016-05-02 12:21:00,2016-05-02 15:42:00,1010,1165,2016-05-02 17:21,2016-05-02 19:42,N917FJ,0,406,C26,
AA5899,N,DFW,MEM,1059,1150,659,710,1121,1221,681.0,741.0,3.0,Domestic,75,0,,B8,2016-05-02 09:19:00,2016-05-02 10:59:00,2016-05-02 09:34:00,2016-05-02 11:21:00,859,959,2016-05-02 14:34,2016-05-02 16:21,N917FJ,0,407,,C26
AA1505,Y,ONT,DFW,1100,1230,660,750,1100,1318,660.0,798.0,2.0,Domestic,0,54,C11,,2016-05-02 12:30:00,2016-05-02 13:44:00,2016-05-02 13:18:00,2016-05-02 14:17:00,1050,1244,2016-05-02 18:18,2016-05-02 21:17,N9615W,96,408,B14,
AA1445,Y,SAN,DFW,1101,1225,661,745,1056,1220,656.0,740.0,2.0,Domestic,0,79,A16,,2016-05-02 12:25:00,2016-05-02 13:36:00,2016-05-02 12:20:00,2016-05-02 13:31:00,1045,1236,2016-05-02 17:20,2016-05-02 20:31,N148AN,71,409,A34,
AA1228,N,DFW,SEA,1101,1225,661,745,1056,1220,656.0,740.0,2.0,,32,0,,A16,2016-05-02 05:00:00,2016-05-02 11:01:00,2016-05-02 04:55:00,2016-05-02 10:56:00,720,961,2016-05-02 11:55,2016-05-02 15:56,N148AN,118,410,,A34
AA5747,N,DFW,ELP,1104,1155,664,715,1052,1236,652.0,756.0,3.0,,75,0,,B47,2016-05-02 08:10:00,2016-05-02 11:04:00,2016-05-02 08:18:00,2016-05-02 10:52:00,850,964,2016-05-02 14:18,2016-05-02 15:52,N924FJ,0,411,,B27
AA2420,N,DFW,LAX,1104,1205,664,725,1055,1201,655.0,721.0,2.0,,68,0,,A19,2016-05-02 06:00:00,2016-05-02 11:04:00,2016-05-02 06:00:00,2016-05-02 10:55:00,780,964,2016-05-02 13:00,2016-05-02 15:55,N136AN,82,412,,C15
AA2731,Y,PSP,DFW,1104,1210,664,730,1046,1203,646.0,723.0,2.0,Domestic,0,17,A21,,2016-05-02 12:10:00,2016-05-02 13:18:00,2016-05-02 12:03:00,2016-05-02 13:17:00,1030,1218,2016-05-02 17:03,2016-05-02 20:17,N930AN,133,413,A39,
AA1045,N,DFW,YUL,1104,1134,664,694,1059,1134,659.0,694.0,,,0,0,,C14,2016-05-02 07:50:00,2016-05-02 11:04:00,2016-05-02 07:40:00,2016-05-02 10:59:00,710,964,2016-05-02 11:40,2016-05-02 15:59,N9004F,0,414,,C11
AA1462,N,DFW,ONT,1104,1210,664,730,1046,1203,646.0,723.0,2.0,Domestic,-20,0,,A21,2016-05-02 06:00:00,2016-05-02 11:04:00,2016-05-02 05:59:00,2016-05-02 10:46:00,780,964,2016-05-02 12:59,2016-05-02 15:46,N930AN,170,415,,A39
AA5631,Y,CAE,DFW,1104,1155,664,715,1052,1236,652.0,756.0,3.0,Domestic,0,75,B47,,2016-05-02 11:55:00,2016-05-02 15:19:00,2016-05-02 12:36:00,2016-05-02 15:56:00,1015,1159,2016-05-02 17:36,2016-05-02 19:56,N924FJ,0,416,B27,
AA1460,Y,DCA,DFW,1104,1205,664,725,1055,1201,655.0,721.0,2.0,Domestic,0,48,A19,,2016-05-02 12:05:00,2016-05-02 16:01:00,2016-05-02 12:01:00,2016-05-02 15:55:00,1025,1201,2016-05-02 17:01,2016-05-02 19:55,N136AN,102,417,C15,
AA1373,Y,JAX,DFW,1105,1155,665,715,1049,1154,649.0,714.0,2.0,Domestic,0,59,C16,,2016-05-02 11:55:00,2016-05-02 15:16:00,2016-05-02 11:54:00,2016-05-02 15:09:00,1015,1156,2016-05-02 16:54,2016-05-02 19:09,N436AA,91,418,A22,
AA1415,N,DFW,TUS,1105,1155,665,715,1049,1154,649.0,714.0,2.0,,39,0,,C16,2016-05-02 06:50:00,2016-05-02 11:05:00,2016-05-02 06:41:00,2016-05-02 10:49:00,830,965,2016-05-02 13:41,2016-05-02 15:49,N436AA,111,419,,A22
AA2337,N,DFW,ORD,1106,1205,666,725,1119,1159,679.0,719.0,2.0,,117,0,,C11,2016-05-02 08:30:00,2016-05-02 11:06:00,2016-05-02 08:40:00,2016-05-02 11:19:00,810,966,2016-05-02 13:40,2016-05-02 16:19,N70504,33,420,,C4
AA1000,Y,TPA,DFW,1106,1205,666,725,1119,1159,679.0,719.0,2.0,Domestic,0,68,C11,,2016-05-02 12:05:00,2016-05-02 15:31:00,2016-05-02 11:59:00,2016-05-02 15:19:00,1025,1171,2016-05-02 16:59,2016-05-02 19:19,N70504,82,421,C4,
AA3570,N,DFW,SGF,1107,1150,667,710,1121,1152,681.0,712.0,3.0,,75,0,,B13,2016-05-02 09:35:00,2016-05-02 11:07:00,2016-05-02 09:35:00,2016-05-02 11:21:00,875,967,2016-05-02 14:35,2016-05-02 16:21,N600BP,0,422,,C24
AA2814,Y,SHV,DFW,1107,1155,667,715,1135,1204,695.0,724.0,3.0,Domestic,0,38,B39,,2016-05-02 11:55:00,2016-05-02 12:55:00,2016-05-02 12:04:00,2016-05-02 13:12:00,1015,1075,2016-05-02 17:04,2016-05-02 18:12,N633AE,37,423,A20,
AA2814,N,DFW,ACT,1107,1155,667,715,1135,1204,695.0,724.0,3.0,Domestic,47,0,,B39,2016-05-02 10:14:00,2016-05-02 11:07:00,2016-05-02 10:46:00,2016-05-02 11:35:00,914,967,2016-05-02 15:46,2016-05-02 16:35,N633AE,28,424,,A20
AA3153,Y,TYR,DFW,1107,1150,667,710,1121,1152,681.0,712.0,3.0,Domestic,0,75,B13,,2016-05-02 11:50:00,2016-05-02 12:40:00,2016-05-02 11:52:00,2016-05-02 12:49:00,1010,1060,2016-05-02 16:52,2016-05-02 17:49,N600BP,0,425,C24,
AA3565,Y,RAP,DFW,1109,1210,669,730,1051,1205,651.0,725.0,3.0,Domestic,0,75,B43,,2016-05-02 12:10:00,2016-05-02 13:35:00,2016-05-02 12:05:00,2016-05-02 13:36:00,1030,1175,2016-05-02 17:05,2016-05-02 19:36,N905JH,0,426,C27,
AA3246,N,DFW,RAP,1109,1210,669,730,1051,1205,651.0,725.0,3.0,,75,0,,B43,2016-05-02 07:38:00,2016-05-02 11:09:00,2016-05-02 07:26:00,2016-05-02 10:51:00,818,969,2016-05-02 13:26,2016-05-02 15:51,N905JH,0,427,,C27
AA61,N,DFW,MIA,1110,1140,670,700,1113,1319,673.0,799.0,2.0,,89,0,,A24,2016-05-02 09:00:00,2016-05-02 11:10:00,2016-05-02 08:53:00,2016-05-02 11:13:00,780,970,2016-05-02 12:53,2016-05-02 16:13,N388AA,61,428,,A18
AA2347,Y,CMH,DFW,1111,1200,671,720,1048,1154,648.0,714.0,2.0,Domestic,0,81,C22,,2016-05-02 12:00:00,2016-05-02 15:24:00,2016-05-02 11:54:00,2016-05-02 14:56:00,1020,1164,2016-05-02 16:54,2016-05-02 18:56,N967TW,69,429,A35,
AA1201,N,DFW,FAT,1111,1200,671,720,1048,1154,648.0,714.0,2.0,Domestic,18,0,,C22,2016-05-02 05:55:00,2016-05-02 11:11:00,2016-05-02 05:48:00,2016-05-02 10:48:00,775,971,2016-05-02 12:48,2016-05-02 15:48,N967TW,132,430,,A35
AA2195,Y,TUS,DFW,1112,1200,672,720,1122,1244,682.0,764.0,2.0,Domestic,0,89,C19,,2016-05-02 12:00:00,2016-05-02 12:26:00,2016-05-02 12:44:00,2016-05-02 13:09:00,1020,1166,2016-05-02 17:44,2016-05-02 20:09,N9620D,61,431,A14,
AA362,N,DFW,MCI,1112,1200,672,720,1122,1244,682.0,764.0,2.0,,108,0,,C19,2016-05-02 09:29:00,2016-05-02 11:12:00,2016-05-02 09:40:00,2016-05-02 11:22:00,869,972,2016-05-02 14:40,2016-05-02 16:22,N9620D,42,432,,A14
AA3549,N,DFW,SHV,1114,1155,674,715,1118,1159,678.0,719.0,3.0,Domestic,75,0,,B32,2016-05-02 10:10:00,2016-05-02 11:14:00,2016-05-02 10:13:00,2016-05-02 11:18:00,910,974,2016-05-02 15:13,2016-05-02 16:18,N682AE,0,433,,B40
AA3313,N,DFW,LIT,1114,1215,674,735,1132,1211,692.0,731.0,3.0,Domestic,75,0,,B5,2016-05-02 09:53:00,2016-05-02 11:14:00,2016-05-02 10:05:00,2016-05-02 11:32:00,893,974,2016-05-02 15:05,2016-05-02 16:32,N226NN,0,434,,B7
AA3461,N,DFW,ABI,1114,1205,674,725,1103,1159,663.0,719.0,3.0,Domestic,75,0,,B11,2016-05-02 10:16:00,2016-05-02 11:14:00,2016-05-02 10:13:00,2016-05-02 11:03:00,916,974,2016-05-02 15:13,2016-05-02 16:03,N941LT,0,435,,C31
AA3459,Y,BRO,DFW,1114,1205,674,725,1103,1159,663.0,719.0,3.0,Domestic,0,75,B11,,2016-05-02 12:05:00,2016-05-02 13:47:00,2016-05-02 11:59:00,2016-05-02 13:31:00,1025,1127,2016-05-02 16:59,2016-05-02 18:31,N941LT,0,436,C31,
AA3219,Y,LIT,DFW,1114,1215,674,735,1132,1211,692.0,731.0,3.0,Domestic,0,75,B5,,2016-05-02 12:15:00,2016-05-02 13:34:00,2016-05-02 12:11:00,2016-05-02 13:24:00,1035,1114,2016-05-02 17:11,2016-05-02 18:24,N226NN,0,437,B7,
AA3551,Y,CLL,DFW,1114,1155,674,715,1118,1159,678.0,719.0,3.0,Domestic,0,75,B32,,2016-05-02 11:55:00,2016-05-02 12:51:00,2016-05-02 11:59:00,2016-05-02 13:04:00,1015,1071,2016-05-02 16:59,2016-05-02 18:04,N682AE,0,438,B40,
AA2755,N,DFW,TXK,1115,1145,675,705,1118,1145,678.0,705.0,3.0,Domestic,43,0,,B34,2016-05-02 10:15:00,2016-05-02 11:15:00,2016-05-02 10:09:00,2016-05-02 11:18:00,915,975,2016-05-02 15:09,2016-05-02 16:18,N687JS,32,439,,A17
AA5811,Y,JAN,DFW,1115,1245,675,765,1115,1244,675.0,764.0,3.0,Domestic,0,75,B45,,2016-05-02 12:45:00,2016-05-02 14:09:00,2016-05-02 12:44:00,2016-05-02 14:03:00,1065,1149,2016-05-02 17:44,2016-05-02 19:03,N914FJ,0,440,C35,
AA2860,Y,BTR,DFW,1115,1145,675,705,1118,1145,678.0,705.0,3.0,Domestic,0,26,B34,,2016-05-02 11:45:00,2016-05-02 13:08:00,2016-05-02 11:45:00,2016-05-02 13:06:00,1005,1088,2016-05-02 16:45,2016-05-02 18:06,N687JS,49,441,A17,
AA1292,Y,TUL,DFW,1115,1245,675,765,1219,1303,739.0,783.0,2.0,Domestic,0,71,A23,,2016-05-02 12:45:00,2016-05-02 13:49:00,2016-05-02 13:03:00,2016-05-02 13:56:00,1065,1129,2016-05-02 18:03,2016-05-02 18:56,N932NN,79,442,C17,
AA1356,N,DFW,AUS,1115,1215,675,735,1057,1209,657.0,729.0,2.0,Domestic,56,0,,C20,2016-05-02 10:09:00,2016-05-02 11:15:00,2016-05-02 10:03:00,2016-05-02 10:57:00,909,975,2016-05-02 15:03,2016-05-02 15:57,N485AA,94,443,,A23
AA1129,Y,IND,DFW,1115,1215,675,735,1057,1209,657.0,729.0,2.0,Domestic,0,88,C20,,2016-05-02 12:15:00,2016-05-02 15:23:00,2016-05-02 12:09:00,2016-05-02 15:07:00,1035,1163,2016-05-02 17:09,2016-05-02 19:07,N485AA,62,444,A23,
AA5670,Y,CVG,DFW,1116,1210,676,730,1130,1212,690.0,732.0,3.0,Domestic,0,75,B25,,2016-05-02 12:10:00,2016-05-02 15:30:00,2016-05-02 12:12:00,2016-05-02 15:11:00,1030,1170,2016-05-02 17:12,2016-05-02 19:11,N948LR,0,445,C30,
AA5622,N,DFW,GRK,1116,1210,676,730,1130,1212,690.0,732.0,3.0,,75,0,,B25,2016-05-02 10:16:00,2016-05-02 11:16:00,2016-05-02 10:41:00,2016-05-02 11:30:00,916,976,2016-05-02 15:41,2016-05-02 16:30,N948LR,0,446,,C30
AA3500,N,DFW,TYR,1116,1146,676,706,1130,1146,690.0,706.0,3.0,,75,0,,B44,2016-05-02 10:19:00,2016-05-02 11:16:00,2016-05-02 10:37:00,2016-05-02 11:30:00,919,976,2016-05-02 15:37,2016-05-02 16:30,N823AE,0,447,,B5
AA1557,Y,OKC,DFW,1119,1210,679,730,1158,1244,718.0,764.0,2.0,Domestic,0,23,C15,,2016-05-02 12:10:00,2016-05-02 13:13:00,2016-05-02 12:44:00,2016-05-02 13:31:00,1030,1093,2016-05-02 17:44,2016-05-02 18:31,N9401W,127,448,A28,
AA323,N,DFW,STL,1119,1205,679,725,1122,1205,682.0,725.0,2.0,Domestic,108,0,,C28,2016-05-02 09:24:00,2016-05-02 11:19:00,2016-05-02 09:18:00,2016-05-02 11:22:00,864,979,2016-05-02 14:18,2016-05-02 16:22,N475AA,42,449,,C14
AA2423,Y,MSP,DFW,1119,1205,679,725,1122,1205,682.0,725.0,2.0,Domestic,0,86,C28,,2016-05-02 12:05:00,2016-05-02 14:27:00,2016-05-02 12:05:00,2016-05-02 14:13:00,1025,1167,2016-05-02 17:05,2016-05-02 19:13,N475AA,64,450,C14,
AA1441,N,DFW,RNO,1119,1210,679,730,1158,1244,718.0,764.0,2.0,,74,0,,C15,2016-05-02 06:04:00,2016-05-02 11:19:00,2016-05-02 06:39:00,2016-05-02 11:58:00,784,979,2016-05-02 13:39,2016-05-02 16:58,N9401W,76,451,,A28
AA1229,Y,EWR,DFW,1119,1200,679,720,1100,1244,660.0,764.0,2.0,Domestic,0,77,A25,,2016-05-02 12:00:00,2016-05-02 16:28:00,2016-05-02 12:44:00,2016-05-02 16:46:00,1020,1228,2016-05-02 17:44,2016-05-02 20:46,N950AN,73,452,A21,
AA2284,N,DFW,LAX,1119,1200,679,720,1100,1244,660.0,764.0,2.0,Domestic,41,0,,A25,2016-05-02 06:15:00,2016-05-02 11:19:00,2016-05-02 06:10:00,2016-05-02 11:00:00,795,979,2016-05-02 13:10,2016-05-02 16:00,N950AN,109,453,,A21
AA5793,N,DFW,AMA,1120,1205,680,725,1106,1236,666.0,756.0,3.0,Domestic,75,0,,B4,2016-05-02 10:00:00,2016-05-02 11:20:00,2016-05-02 09:52:00,2016-05-02 11:06:00,900,980,2016-05-02 14:52,2016-05-02 16:06,N957LR,0,454,,C22
AA2858,Y,AEX,DFW,1120,1200,680,720,1115,1231,675.0,751.0,3.0,Domestic,0,25,B41,,2016-05-02 12:00:00,2016-05-02 13:13:00,2016-05-02 12:31:00,2016-05-02 13:57:00,1020,1093,2016-05-02 17:31,2016-05-02 18:57,N624AE,50,455,A8,
AA5706,Y,BHM,DFW,1120,1205,680,725,1106,1236,666.0,756.0,3.0,Domestic,0,75,B4,,2016-05-02 12:05:00,2016-05-02 13:52:00,2016-05-02 12:36:00,2016-05-02 14:13:00,1025,1132,2016-05-02 17:36,2016-05-02 19:13,N957LR,0,456,C22,
AA2816,N,DFW,LAW,1120,1200,680,720,1115,1231,675.0,751.0,3.0,Domestic,25,0,,B41,2016-05-02 10:24:00,2016-05-02 11:20:00,2016-05-02 10:21:00,2016-05-02 11:15:00,924,980,2016-05-02 15:21,2016-05-02 16:15,N624AE,50,457,,A8
AA5664,N,DFW,HSV,1122,1210,682,730,1124,1212,684.0,732.0,3.0,,75,0,,B40,2016-05-02 09:20:00,2016-05-02 11:22:00,2016-05-02 09:21:00,2016-05-02 11:24:00,860,982,2016-05-02 14:21,2016-05-02 16:24,N246LR,0,458,,C21
AA2848,Y,GPT,DFW,1122,1200,682,720,1127,1221,687.0,741.0,3.0,Domestic,0,38,B7,,2016-05-02 12:00:00,2016-05-02 13:38:00,2016-05-02 12:21:00,2016-05-02 13:56:00,1020,1118,2016-05-02 17:21,2016-05-02 18:56,N673AE,37,459,A9,
AA5731,Y,FSD,DFW,1122,1210,682,730,1124,1212,684.0,732.0,3.0,Domestic,0,75,B40,,2016-05-02 12:10:00,2016-05-02 14:16:00,2016-05-02 12:12:00,2016-05-02 14:10:00,1030,1156,2016-05-02 17:12,2016-05-02 19:10,N246LR,0,460,C21,
AA2832,N,DFW,SPS,1122,1200,682,720,1127,1221,687.0,741.0,3.0,Domestic,40,0,,B7,2016-05-02 10:30:00,2016-05-02 11:22:00,2016-05-02 10:34:00,2016-05-02 11:27:00,930,982,2016-05-02 15:34,2016-05-02 16:27,N673AE,35,461,,A9
AA3711,Y,SGF,DFW,1123,1250,683,770,1120,1314,680.0,794.0,3.0,Domestic,0,75,B16,,2016-05-02 12:50:00,2016-05-02 14:08:00,2016-05-02 13:14:00,2016-05-02 14:26:00,1070,1148,2016-05-02 18:14,2016-05-02 19:26,N856AE,0,462,B26,
AA1772,N,DFW,CLT,1123,1230,683,750,1119,1229,679.0,749.0,2.0,,118,0,,C35,2016-05-02 09:30:00,2016-05-02 11:23:00,2016-05-02 09:24:00,2016-05-02 11:19:00,810,983,2016-05-02 13:24,2016-05-02 16:19,N150UW,32,463,,A25
AA720,Y,CLT,DFW,1123,1230,683,750,1119,1229,679.0,749.0,2.0,Domestic,0,83,C35,,2016-05-02 12:30:00,2016-05-02 16:06:00,2016-05-02 12:29:00,2016-05-02 16:43:00,1050,1206,2016-05-02 17:29,2016-05-02 20:43,N150UW,67,464,A25,
AA3543,N,DFW,CLL,1123,1250,683,770,1120,1314,680.0,794.0,3.0,,75,0,,B16,2016-05-02 10:18:00,2016-05-02 11:23:00,2016-05-02 10:06:00,2016-05-02 11:20:00,918,983,2016-05-02 15:06,2016-05-02 16:20,N856AE,0,465,,B26
AA1213,N,DFW,SAT,1125,1215,685,735,1107,1213,667.0,733.0,2.0,Domestic,59,0,,C10,2016-05-02 10:12:00,2016-05-02 11:25:00,2016-05-02 10:04:00,2016-05-02 11:07:00,912,985,2016-05-02 15:04,2016-05-02 16:07,N9403W,91,466,,A19
AA1179,Y,MSY,DFW,1125,1215,685,735,1107,1213,667.0,733.0,2.0,Domestic,0,28,C10,,2016-05-02 12:15:00,2016-05-02 13:44:00,2016-05-02 12:13:00,2016-05-02 13:33:00,1035,1124,2016-05-02 17:13,2016-05-02 18:33,N9403W,122,467,A19,
AA1537,N,DFW,EWR,1126,1220,686,740,1129,1216,689.0,736.0,2.0,,85,0,,C2,2016-05-02 08:30:00,2016-05-02 11:26:00,2016-05-02 08:24:00,2016-05-02 11:29:00,750,986,2016-05-02 12:24,2016-05-02 16:29,N978NN,65,468,,A24
AA2887,N,DFW,JAN,1126,1227,686,747,1107,1224,667.0,744.0,3.0,Domestic,51,0,,B42,2016-05-02 09:42:00,2016-05-02 11:26:00,2016-05-02 09:29:00,2016-05-02 11:07:00,882,986,2016-05-02 14:29,2016-05-02 16:07,N675AE,24,469,,C16
AA1560,Y,SNA,DFW,1126,1220,686,740,1129,1216,689.0,736.0,2.0,Domestic,0,83,C2,,2016-05-02 12:20:00,2016-05-02 13:38:00,2016-05-02 12:16:00,2016-05-02 13:47:00,1040,1238,2016-05-02 17:16,2016-05-02 20:47,N978NN,67,470,A24,
AA2816,Y,ACT,DFW,1126,1227,686,747,1107,1224,667.0,744.0,3.0,Domestic,0,37,B42,,2016-05-02 12:27:00,2016-05-02 13:12:00,2016-05-02 12:24:00,2016-05-02 13:29:00,1047,1092,2016-05-02 17:24,2016-05-02 18:29,N675AE,38,471,C16,
AA3473,N,DFW,PNS,1129,1205,689,725,1136,1505,696.0,905.0,3.0,Domestic,75,0,,B30,2016-05-02 09:19:00,2016-05-02 11:29:00,2016-05-02 09:13:00,2016-05-02 11:36:00,859,989,2016-05-02 14:13,2016-05-02 16:36,N645AE,0,472,,B42
AA3166,Y,COU,DFW,1129,1205,689,725,1136,1505,696.0,905.0,3.0,Domestic,0,75,B39,,2016-05-02 12:05:00,2016-05-02 13:42:00,2016-05-02 15:05:00,2016-05-02 16:28:00,1025,1122,2016-05-02 20:05,2016-05-02 21:28,N645AE,0,473,B42,
AA3243,N,DFW,OMA,1133,1210,693,730,1111,1206,671.0,726.0,3.0,Domestic,75,0,,B6,2016-05-02 09:35:00,2016-05-02 11:33:00,2016-05-02 09:23:00,2016-05-02 11:11:00,875,993,2016-05-02 14:23,2016-05-02 16:11,N228NN,0,474,,C28
AA3614,Y,TLH,DFW,1133,1210,693,730,1111,1206,671.0,726.0,3.0,Domestic,0,75,B6,,2016-05-02 12:10:00,2016-05-02 15:20:00,2016-05-02 12:06:00,2016-05-02 15:06:00,1030,1160,2016-05-02 17:06,2016-05-02 19:06,N228NN,0,475,C28,
AA1304,N,DFW,OKC,1138,1230,698,750,1130,1232,690.0,752.0,2.0,,80,0,,C26,2016-05-02 10:35:00,2016-05-02 11:38:00,2016-05-02 10:32:00,2016-05-02 11:30:00,935,998,2016-05-02 15:32,2016-05-02 16:30,N9681B,70,476,,C11
AA2286,Y,ORD,DFW,1138,1230,698,750,1130,1232,690.0,752.0,2.0,Domestic,0,125,C26,,2016-05-02 12:30:00,2016-05-02 14:56:00,2016-05-02 12:32:00,2016-05-02 14:36:00,1050,1196,2016-05-02 17:32,2016-05-02 19:36,N9681B,25,477,C11,
AA248,N,DFW,BNA,1140,1210,700,730,1133,1210,693.0,730.0,,,-48,0,,C7,2016-05-02 09:35:00,2016-05-02 11:40:00,2016-05-02 09:33:00,2016-05-02 11:33:00,875,1000,2016-05-02 14:33,2016-05-02 16:33,N403A,48,478,,A18
AA315,Y,SAT,DFW,1140,1230,700,750,1127,1224,687.0,744.0,2.0,Domestic,0,78,A11,,2016-05-02 12:30:00,2016-05-02 13:42:00,2016-05-02 12:24:00,2016-05-02 13:35:00,1050,1122,2016-05-02 17:24,2016-05-02 18:35,N859NN,72,479,A15,
AA48,N,DFW,PHX,1140,1230,700,750,1127,1224,687.0,744.0,2.0,,85,0,,A11,2016-05-02 07:15:00,2016-05-02 11:40:00,2016-05-02 07:12:00,2016-05-02 11:27:00,855,1000,2016-05-02 14:12,2016-05-02 16:27,N859NN,65,480,,A15
AA3535,N,DFW,FSM,1140,1215,700,735,1155,1224,715.0,744.0,3.0,Domestic,75,0,,B35,2016-05-02 10:31:00,2016-05-02 11:40:00,2016-05-02 10:50:00,2016-05-02 11:55:00,931,1000,2016-05-02 15:50,2016-05-02 16:55,N604AE,0,481,,B11
AA3320,Y,EVV,DFW,1140,1215,700,735,1155,1224,715.0,744.0,3.0,Domestic,0,75,B35,,2016-05-02 12:15:00,2016-05-02 14:10:00,2016-05-02 12:24:00,2016-05-02 14:17:00,1035,1150,2016-05-02 17:24,2016-05-02 19:17,N604AE,0,482,B11,
AA3685,N,DFW,XNA,1141,1220,701,740,1133,1216,693.0,736.0,3.0,Domestic,75,0,,B28,2016-05-02 10:20:00,2016-05-02 11:41:00,2016-05-02 10:22:00,2016-05-02 11:33:00,920,1001,2016-05-02 15:22,2016-05-02 16:33,N843AE,0,483,,B10
AA3447,Y,PIA,DFW,1141,1220,701,740,1133,1216,693.0,736.0,3.0,Domestic,0,75,B28,,2016-05-02 12:20:00,2016-05-02 14:18:00,2016-05-02 12:16:00,2016-05-02 14:03:00,1040,1158,2016-05-02 17:16,2016-05-02 19:03,N843AE,0,484,B10,
AA2286,N,DFW,AUS,1145,1245,705,765,1137,1244,697.0,764.0,2.0,Domestic,71,0,,C30,2016-05-02 10:39:00,2016-05-02 11:45:00,2016-05-02 10:34:00,2016-05-02 11:37:00,939,1005,2016-05-02 15:34,2016-05-02 16:37,N564AA,79,485,,A11
AA1184,Y,DEN,DFW,1145,1245,705,765,1137,1244,697.0,764.0,2.0,Domestic,0,124,C30,,2016-05-02 12:45:00,2016-05-02 13:50:00,2016-05-02 12:44:00,2016-05-02 13:39:00,1065,1190,2016-05-02 17:44,2016-05-02 19:39,N564AA,26,486,A11,
AA1581,Y,BDL,DFW,1151,1215,711,735,1136,1220,696.0,740.0,2.0,Domestic,0,42,A36,,2016-05-02 12:15:00,2016-05-02 16:44:00,2016-05-02 12:20:00,2016-05-02 16:21:00,1035,1244,2016-05-02 17:20,2016-05-02 20:21,N988NN,108,487,A13,
AA1627,N,DFW,SNA,1151,1215,711,735,1136,1220,696.0,740.0,2.0,,70,0,,A36,2016-05-02 06:45:00,2016-05-02 11:51:00,2016-05-02 06:38:00,2016-05-02 11:36:00,825,1011,2016-05-02 13:38,2016-05-02 16:36,N988NN,80,488,,A13
AA1462,Y,MIA,DFW,1155,1325,715,805,1155,1319,715.0,799.0,2.0,Domestic,0,75,A24,,2016-05-02 13:25:00,2016-05-02 17:11:00,2016-05-02 13:19:00,2016-05-02 16:51:00,1105,1271,2016-05-02 18:19,2016-05-02 20:51,N388AA,75,489,A22,
AA2433,N,DFW,SFO,1200,1250,720,770,1148,1248,708.0,768.0,2.0,Domestic,91,0,,A22,2016-05-02 06:28:00,2016-05-02 12:00:00,2016-05-02 06:25:00,2016-05-02 11:48:00,808,1020,2016-05-02 13:25,2016-05-02 16:48,N912NN,59,490,,A14
AA25,Y,PHL,DFW,1200,1250,720,770,1148,1248,708.0,768.0,2.0,Domestic,0,93,A22,,2016-05-02 12:50:00,2016-05-02 17:03:00,2016-05-02 12:48:00,2016-05-02 17:03:00,1070,1263,2016-05-02 17:48,2016-05-02 21:03,N912NN,57,491,A14,
AA3690,N,DFW,SGF,1203,1233,723,753,1145,1228,705.0,748.0,3.0,,75,0,,B49,2016-05-02 10:30:00,2016-05-02 12:03:00,2016-05-02 10:16:00,2016-05-02 11:45:00,930,1023,2016-05-02 15:16,2016-05-02 16:45,N649PP,0,492,,C26
AA5886,Y,BJX,DFW,1204,1305,724,785,1232,1321,752.0,801.0,3.0,,0,75,B3,,2016-05-02 13:05:00,2016-05-02 15:23:00,2016-05-02 13:21:00,2016-05-02 15:40:00,1085,1223,2016-05-02 18:21,2016-05-02 20:40,N935LR,0,493,B29,
AA5831,N,DFW,ICT,1204,1305,724,785,1232,1321,752.0,801.0,3.0,Domestic,75,0,,B3,2016-05-02 10:38:00,2016-05-02 12:04:00,2016-05-02 11:05:00,2016-05-02 12:32:00,938,1024,2016-05-02 16:05,2016-05-02 17:32,N935LR,0,494,,B29
AA1348,Y,RDU,DFW,1205,1335,725,815,1205,1402,725.0,842.0,2.0,Domestic,0,36,C31,,2016-05-02 13:35:00,2016-05-02 17:13:00,2016-05-02 14:02:00,2016-05-02 18:08:00,1115,1273,2016-05-02 19:02,2016-05-02 22:08,N9624T,114,495,A38,
AA2433,Y,MCO,DFW,1208,1335,728,815,1203,1340,723.0,820.0,2.0,Domestic,0,48,A9,,2016-05-02 13:35:00,2016-05-02 17:09:00,2016-05-02 13:40:00,2016-05-02 17:13:00,1115,1269,2016-05-02 18:40,2016-05-02 21:13,N135NN,102,496,A20,
AA2453,N,DFW,LAX,1208,1335,728,815,1203,1340,723.0,820.0,2.0,,87,0,,A9,2016-05-02 07:05:00,2016-05-02 12:08:00,2016-05-02 07:01:00,2016-05-02 12:03:00,845,1028,2016-05-02 14:01,2016-05-02 17:03,N135NN,63,497,,A20
AA2311,Y,ORD,DFW,1210,1340,730,820,1218,1339,738.0,819.0,2.0,Domestic,0,116,C27,,2016-05-02 13:40:00,2016-05-02 16:02:00,2016-05-02 13:39:00,2016-05-02 15:55:00,1120,1262,2016-05-02 18:39,2016-05-02 20:55,N480AA,34,498,C10,
AA2570,Y,SLC,DFW,1210,1305,730,785,1150,1305,710.0,785.0,2.0,Domestic,0,96,C12,,2016-05-02 13:05:00,2016-05-02 14:48:00,2016-05-02 13:05:00,2016-05-02 14:38:00,1085,1248,2016-05-02 18:05,2016-05-02 20:38,N489AA,54,499,A10,
AA3489,Y,TYR,DFW,1210,1340,730,820,1210,1404,730.0,844.0,3.0,Domestic,0,75,B17,,2016-05-02 13:40:00,2016-05-02 14:27:00,2016-05-02 14:04:00,2016-05-02 15:05:00,1120,1167,2016-05-02 19:04,2016-05-02 20:05,N909AE,0,500,C33,
AA2296,N,DFW,SAT,1210,1305,730,785,1150,1305,710.0,785.0,2.0,Domestic,72,0,,C12,2016-05-02 10:57:00,2016-05-02 12:10:00,2016-05-02 10:53:00,2016-05-02 11:50:00,957,1030,2016-05-02 15:53,2016-05-02 16:50,N489AA,78,501,,A10
AA5665,Y,IAH,DFW,1211,1300,731,780,1227,1305,747.0,785.0,3.0,Domestic,0,75,B29,,2016-05-02 13:00:00,2016-05-02 14:08:00,2016-05-02 13:05:00,2016-05-02 14:20:00,1080,1148,2016-05-02 18:05,2016-05-02 19:20,N918FJ,0,502,C22,
AA391,N,DFW,TUL,1211,1241,731,761,1343,1519,823.0,919.0,2.0,Domestic,67,0,,C15,2016-05-02 10:55:00,2016-05-02 12:11:00,2016-05-02 12:45:00,2016-05-02 13:43:00,955,1031,2016-05-02 17:45,2016-05-02 18:43,N9622A,83,503,,A28
AA5888,N,DFW,CRP,1211,1300,731,780,1227,1305,747.0,785.0,3.0,Domestic,75,0,,B29,2016-05-02 10:39:00,2016-05-02 12:11:00,2016-05-02 11:08:00,2016-05-02 12:27:00,939,1031,2016-05-02 16:08,2016-05-02 17:27,N918FJ,0,504,,C22
AA2511,Y,ABQ,DFW,1215,1255,735,775,1219,1302,739.0,782.0,2.0,Domestic,0,82,C24,,2016-05-02 12:55:00,2016-05-02 13:45:00,2016-05-02 13:02:00,2016-05-02 13:44:00,1075,1185,2016-05-02 18:02,2016-05-02 19:44,N477AA,68,505,A13,
AA543,N,DFW,PHL,1215,1315,735,795,1209,1316,729.0,796.0,2.0,,125,0,,C36,2016-05-02 09:36:00,2016-05-02 12:15:00,2016-05-02 09:29:00,2016-05-02 12:09:00,816,1035,2016-05-02 13:29,2016-05-02 17:09,N521UW,25,506,,A16
AA1054,N,DFW,IAH,1215,1255,735,775,1219,1302,739.0,782.0,2.0,Domestic,94,0,,C24,2016-05-02 10:59:00,2016-05-02 12:15:00,2016-05-02 10:50:00,2016-05-02 12:19:00,959,1035,2016-05-02 15:50,2016-05-02 17:19,N477AA,56,507,,A13
AA750,Y,PHL,DFW,1215,1315,735,795,1209,1316,729.0,796.0,2.0,Domestic,0,98,C36,,2016-05-02 13:15:00,2016-05-02 17:25:00,2016-05-02 13:16:00,2016-05-02 17:32:00,1095,1285,2016-05-02 18:16,2016-05-02 21:32,N521UW,52,508,A16,
AA2835,Y,JLN,DFW,1218,1255,738,775,1213,1248,733.0,768.0,3.0,Domestic,0,46,B34,,2016-05-02 12:55:00,2016-05-02 14:12:00,2016-05-02 12:48:00,2016-05-02 14:10:00,1075,1152,2016-05-02 17:48,2016-05-02 19:10,N672AE,29,509,A23,
AA2815,N,DFW,LFT,1218,1255,738,775,1213,1248,733.0,768.0,3.0,,42,0,,B34,2016-05-02 10:39:00,2016-05-02 12:18:00,2016-05-02 10:50:00,2016-05-02 12:13:00,939,1038,2016-05-02 15:50,2016-05-02 17:13,N672AE,33,510,,A23
AA3285,Y,BMI,DFW,1220,1309,740,789,1206,1308,726.0,788.0,3.0,Domestic,0,75,B27,,2016-05-02 13:09:00,2016-05-02 15:01:00,2016-05-02 13:08:00,2016-05-02 14:50:00,1089,1201,2016-05-02 18:08,2016-05-02 19:50,N655AE,0,511,B7,
AA3591,N,DFW,HOU,1220,1309,740,789,1206,1308,726.0,788.0,3.0,,75,0,,B27,2016-05-02 11:04:00,2016-05-02 12:20:00,2016-05-02 10:58:00,2016-05-02 12:06:00,964,1040,2016-05-02 15:58,2016-05-02 17:06,N655AE,0,512,,B7
AA2458,Y,PIT,DFW,1223,1335,743,815,1225,1331,745.0,811.0,2.0,Domestic,0,59,C21,,2016-05-02 13:35:00,2016-05-02 17:10:00,2016-05-02 13:31:00,2016-05-02 16:49:00,1115,1270,2016-05-02 18:31,2016-05-02 20:49,N962TW,91,513,A17,
AA1336,N,DFW,ORD,1223,1335,743,815,1225,1331,745.0,811.0,2.0,,136,0,,C21,2016-05-02 09:52:00,2016-05-02 12:23:00,2016-05-02 09:47:00,2016-05-02 12:25:00,892,1043,2016-05-02 14:47,2016-05-02 17:25,N962TW,14,514,,A17
AA2610,N,DFW,TUS,1228,1335,748,815,1219,1328,739.0,808.0,2.0,,35,0,,C17,2016-05-02 08:15:00,2016-05-02 12:28:00,2016-05-02 08:17:00,2016-05-02 12:19:00,915,1048,2016-05-02 15:17,2016-05-02 17:19,N9404V,115,515,,A34
AA1472,Y,STL,DFW,1228,1335,748,815,1219,1328,739.0,808.0,2.0,Domestic,0,77,C17,,2016-05-02 13:35:00,2016-05-02 15:13:00,2016-05-02 13:28:00,2016-05-02 14:55:00,1115,1213,2016-05-02 18:28,2016-05-02 19:55,N9404V,73,516,A34,
AA5820,N,DFW,LBB,1229,1340,749,820,1216,1338,736.0,818.0,3.0,,75,0,,B6,2016-05-02 11:14:00,2016-05-02 12:29:00,2016-05-02 11:07:00,2016-05-02 12:16:00,974,1049,2016-05-02 16:07,2016-05-02 17:16,N911FJ,0,517,,B11
AA5636,Y,ELP,DFW,1229,1340,749,820,1216,1338,736.0,818.0,3.0,Domestic,0,75,B6,,2016-05-02 13:40:00,2016-05-02 14:22:00,2016-05-02 13:38:00,2016-05-02 14:17:00,1120,1222,2016-05-02 18:38,2016-05-02 20:17,N911FJ,0,518,B11,
AA575,Y,PHX,DFW,1230,1335,750,815,1213,1420,733.0,860.0,2.0,Domestic,0,100,C37,,2016-05-02 13:35:00,2016-05-02 14:11:00,2016-05-02 14:20:00,2016-05-02 14:46:00,1115,1271,2016-05-02 19:20,2016-05-02 21:46,N169UW,50,519,A21,
AA575,N,DFW,LAS,1230,1335,750,815,1213,1420,733.0,860.0,2.0,Domestic,58,0,,C37,2016-05-02 07:47:00,2016-05-02 12:30:00,2016-05-02 07:44:00,2016-05-02 12:13:00,887,1050,2016-05-02 14:44,2016-05-02 17:13,N169UW,92,520,,A21
AA2898,N,DFW,GGG,1231,1350,751,830,1221,1344,741.0,824.0,3.0,Domestic,38,0,,B31,2016-05-02 11:30:00,2016-05-02 12:31:00,2016-05-02 11:12:00,2016-05-02 12:21:00,990,1051,2016-05-02 16:12,2016-05-02 17:21,N667GB,37,521,,C15
AA2758,Y,SPS,DFW,1231,1350,751,830,1221,1344,741.0,824.0,3.0,Domestic,0,35,B31,,2016-05-02 13:50:00,2016-05-02 14:42:00,2016-05-02 13:44:00,2016-05-02 14:42:00,1130,1182,2016-05-02 18:44,2016-05-02 19:42,N667GB,40,522,C15,
AA1342,N,DFW,SNA,1233,1335,753,815,1224,1333,744.0,813.0,2.0,,9,0,,A28,2016-05-02 07:30:00,2016-05-02 12:33:00,2016-05-02 07:43:00,2016-05-02 12:24:00,870,1053,2016-05-02 14:43,2016-05-02 17:24,N936AN,141,523,,A35
AA1159,Y,SAN,DFW,1233,1350,753,830,1219,1344,739.0,824.0,2.0,Domestic,0,87,A17,,2016-05-02 13:50:00,2016-05-02 14:57:00,2016-05-02 13:44:00,2016-05-02 14:59:00,1130,1317,2016-05-02 18:44,2016-05-02 21:59,N155NN,63,524,C8,
AA2481,N,DFW,LAX,1233,1350,753,830,1219,1344,739.0,824.0,2.0,Domestic,70,0,,A17,2016-05-02 07:30:00,2016-05-02 12:33:00,2016-05-02 07:28:00,2016-05-02 12:19:00,870,1053,2016-05-02 14:28,2016-05-02 17:19,N155NN,80,525,,C8
AA1087,Y,ATL,DFW,1233,1335,753,815,1224,1333,744.0,813.0,2.0,Domestic,0,74,A28,,2016-05-02 13:35:00,2016-05-02 16:39:00,2016-05-02 13:33:00,2016-05-02 16:32:00,1115,1239,2016-05-02 18:33,2016-05-02 20:32,N936AN,76,526,A35,
AA3443,Y,GRK,DFW,1234,1330,754,810,1239,1324,759.0,804.0,3.0,Domestic,0,75,B14,,2016-05-02 13:30:00,2016-05-02 14:19:00,2016-05-02 13:24:00,2016-05-02 14:09:00,1110,1159,2016-05-02 18:24,2016-05-02 19:09,N693AE,0,527,C21,
AA5751,Y,PNS,DFW,1234,1330,754,810,1212,1325,732.0,805.0,3.0,Domestic,0,75,B46,,2016-05-02 13:30:00,2016-05-02 15:15:00,2016-05-02 13:25:00,2016-05-02 15:11:00,1110,1215,2016-05-02 18:25,2016-05-02 20:11,N915FJ,0,528,C31,
AA3692,N,DFW,MHK,1234,1330,754,810,1239,1324,759.0,804.0,3.0,,75,0,,B14,2016-05-02 11:00:00,2016-05-02 12:34:00,2016-05-02 11:07:00,2016-05-02 12:39:00,960,1054,2016-05-02 16:07,2016-05-02 17:39,N693AE,0,529,,C21
AA5887,N,DFW,MAF,1234,1330,754,810,1212,1325,732.0,805.0,3.0,,75,0,,B46,2016-05-02 11:13:00,2016-05-02 12:34:00,2016-05-02 11:09:00,2016-05-02 12:12:00,973,1054,2016-05-02 16:09,2016-05-02 17:12,N915FJ,0,530,,C31
AA1318,N,DFW,SJC,1235,1335,755,815,1225,1332,745.0,812.0,2.0,,13,0,,A16,2016-05-02 06:59:00,2016-05-02 12:35:00,2016-05-02 07:04:00,2016-05-02 12:25:00,839,1055,2016-05-02 14:04,2016-05-02 17:25,N902NN,137,531,,A39
AA1430,Y,BOS,DFW,1235,1335,755,815,1252,1352,772.0,832.0,2.0,Domestic,0,58,A13,,2016-05-02 13:35:00,2016-05-02 18:12:00,2016-05-02 13:52:00,2016-05-02 18:08:00,1115,1332,2016-05-02 18:52,2016-05-02 22:08,N923NN,92,532,A19,
AA2603,N,DFW,ATL,1235,1305,755,785,1230,1318,750.0,798.0,2.0,Domestic,105,0,,C11,2016-05-02 11:05:00,2016-05-02 12:35:00,2016-05-02 10:59:00,2016-05-02 12:30:00,905,1055,2016-05-02 14:59,2016-05-02 17:30,N9615W,45,533,,A15
AA1578,N,DFW,BOS,1235,1335,755,815,1252,1352,772.0,832.0,2.0,,111,0,,A13,2016-05-02 09:14:00,2016-05-02 12:35:00,2016-05-02 09:07:00,2016-05-02 12:52:00,794,1055,2016-05-02 13:07,2016-05-02 17:52,N923NN,39,534,,A19
AA2182,Y,LGA,DFW,1235,1410,755,850,1311,1417,791.0,857.0,2.0,Domestic,0,82,A21,,2016-05-02 14:10:00,2016-05-02 18:33:00,2016-05-02 14:17:00,2016-05-02 18:22:00,1150,1353,2016-05-02 19:17,2016-05-02 22:22,N973AN,68,535,A36,
AA2226,Y,TUS,DFW,1235,1355,755,835,1221,1353,741.0,833.0,2.0,Domestic,0,82,C28,,2016-05-02 13:55:00,2016-05-02 14:18:00,2016-05-02 13:53:00,2016-05-02 14:10:00,1135,1278,2016-05-02 18:53,2016-05-02 21:10,N9621A,68,536,C14,
AA2275,N,DFW,DSM,1235,1355,755,835,1221,1353,741.0,833.0,2.0,Domestic,93,0,,C28,2016-05-02 10:29:00,2016-05-02 12:35:00,2016-05-02 10:19:00,2016-05-02 12:21:00,929,1055,2016-05-02 15:19,2016-05-02 17:21,N9621A,57,537,,C14
AA2340,Y,DCA,DFW,1235,1335,755,815,1225,1332,745.0,812.0,2.0,Domestic,0,31,A16,,2016-05-02 13:35:00,2016-05-02 17:27:00,2016-05-02 13:32:00,2016-05-02 17:36:00,1115,1287,2016-05-02 18:32,2016-05-02 21:36,N902NN,119,538,A39,
AA1126,N,DFW,SMF,1235,1410,755,850,1311,1417,791.0,857.0,2.0,,22,0,,A21,2016-05-02 07:10:00,2016-05-02 12:35:00,2016-05-02 08:08:00,2016-05-02 13:11:00,850,1055,2016-05-02 15:08,2016-05-02 18:11,N973AN,128,539,,A36
AA1412,N,DFW,ONT,1236,1335,756,815,1215,1334,735.0,814.0,2.0,Domestic,23,0,,A33,2016-05-02 07:40:00,2016-05-02 12:36:00,2016-05-02 07:36:00,2016-05-02 12:15:00,880,1056,2016-05-02 14:36,2016-05-02 17:15,N864NN,127,540,,A37
AA2361,Y,BWI,DFW,1236,1335,756,815,1215,1334,735.0,814.0,2.0,Domestic,0,58,A33,,2016-05-02 13:35:00,2016-05-02 17:33:00,2016-05-02 13:34:00,2016-05-02 17:29:00,1115,1293,2016-05-02 18:34,2016-05-02 21:29,N864NN,92,541,A37,
AA2481,Y,SJU,DFW,1240,1355,760,835,1217,1406,737.0,846.0,2.0,Domestic,0,10,A8,,2016-05-02 13:55:00,2016-05-02 19:31:00,2016-05-02 14:06:00,2016-05-02 19:35:00,1135,1411,2016-05-02 19:06,2016-05-02 23:35,N150NN,140,542,A8,
AA2479,N,DFW,SJU,1240,1355,760,835,1217,1406,737.0,846.0,2.0,,23,0,,A8,2016-05-02 08:15:00,2016-05-02 12:40:00,2016-05-02 08:12:00,2016-05-02 12:17:00,735,1060,2016-05-02 12:12,2016-05-02 17:17,N150NN,127,543,,A8
AA351,Y,IAH,DFW,1242,1412,762,852,1229,1419,749.0,859.0,2.0,Domestic,0,83,A20,,2016-05-02 14:12:00,2016-05-02 15:21:00,2016-05-02 14:19:00,2016-05-02 15:24:00,1152,1221,2016-05-02 19:19,2016-05-02 20:24,N831NN,67,544,C7,
AA1308,N,DFW,SEA,1243,1355,763,835,1249,1350,769.0,830.0,2.0,,75,0,,A25,2016-05-02 06:45:00,2016-05-02 12:43:00,2016-05-02 06:41:00,2016-05-02 12:49:00,825,1063,2016-05-02 13:41,2016-05-02 17:49,N934AN,75,545,,A29
AA1599,Y,SNA,DFW,1243,1355,763,835,1249,1350,769.0,830.0,2.0,Domestic,0,73,A25,,2016-05-02 13:55:00,2016-05-02 15:09:00,2016-05-02 13:50:00,2016-05-02 15:10:00,1135,1329,2016-05-02 18:50,2016-05-02 22:10,N934AN,77,546,A29,
AA3205,Y,HOU,DFW,1244,1425,764,865,1240,1420,760.0,860.0,3.0,Domestic,0,75,B9,,2016-05-02 14:25:00,2016-05-02 15:35:00,2016-05-02 14:20:00,2016-05-02 15:36:00,1165,1235,2016-05-02 19:20,2016-05-02 20:36,N225NN,0,547,C29,
AA3189,N,DFW,VPS,1244,1425,764,865,1240,1420,760.0,860.0,3.0,Domestic,75,0,,B9,2016-05-02 10:30:00,2016-05-02 12:44:00,2016-05-02 10:15:00,2016-05-02 12:40:00,930,1064,2016-05-02 15:15,2016-05-02 17:40,N225NN,0,548,,C29
AA2352,Y,SFO,DFW,1245,1410,765,850,1239,1407,759.0,847.0,2.0,Domestic,0,101,A29,,2016-05-02 14:10:00,2016-05-02 15:57:00,2016-05-02 14:07:00,2016-05-02 15:44:00,1150,1377,2016-05-02 19:07,2016-05-02 22:44,N141NN,49,549,C11,
AA2289,N,DFW,SAN,1245,1410,765,850,1239,1407,759.0,847.0,2.0,,30,0,,A29,2016-05-02 07:49:00,2016-05-02 12:45:00,2016-05-02 07:46:00,2016-05-02 12:39:00,889,1065,2016-05-02 14:46,2016-05-02 17:39,N141NN,120,550,,C11
AA2757,N,DFW,BRO,1247,1330,767,810,1240,1326,760.0,806.0,3.0,Domestic,53,0,,B32,2016-05-02 11:06:00,2016-05-02 12:47:00,2016-05-02 11:08:00,2016-05-02 12:40:00,966,1067,2016-05-02 16:08,2016-05-02 17:40,N677AE,22,551,,C17
AA2817,Y,VPS,DFW,1247,1330,767,810,1240,1326,760.0,806.0,3.0,Domestic,0,55,B32,,2016-05-02 13:30:00,2016-05-02 15:23:00,2016-05-02 13:26:00,2016-05-02 15:27:00,1110,1223,2016-05-02 18:26,2016-05-02 20:27,N677AE,20,552,C17,
AA3526,Y,SGF,DFW,1248,1355,768,835,1305,1349,785.0,829.0,3.0,Domestic,0,75,B37,,2016-05-02 13:55:00,2016-05-02 15:13:00,2016-05-02 13:49:00,2016-05-02 15:05:00,1135,1213,2016-05-02 18:49,2016-05-02 20:05,N907AE,0,553,C26,
AA3524,N,DFW,DAY,1248,1355,768,835,1305,1349,785.0,829.0,3.0,Domestic,75,0,,B37,2016-05-02 11:08:00,2016-05-02 12:48:00,2016-05-02 11:15:00,2016-05-02 13:05:00,908,1068,2016-05-02 15:15,2016-05-02 18:05,N907AE,0,554,,C26
AA5735,N,DFW,MKE,1249,1415,769,855,1249,1420,769.0,860.0,3.0,Domestic,75,0,,B4,2016-05-02 10:09:00,2016-05-02 12:49:00,2016-05-02 10:13:00,2016-05-02 12:49:00,909,1069,2016-05-02 15:13,2016-05-02 17:49,N956LR,0,555,,B40
AA5626,Y,LIT,DFW,1249,1415,769,855,1249,1420,769.0,860.0,3.0,Domestic,0,75,B4,,2016-05-02 14:15:00,2016-05-02 15:26:00,2016-05-02 14:20:00,2016-05-02 15:29:00,1155,1226,2016-05-02 19:20,2016-05-02 20:29,N956LR,0,556,B40,
AA1198,Y,TPA,DFW,1250,1330,770,810,1246,1327,766.0,807.0,2.0,Domestic,0,75,C33,,2016-05-02 13:30:00,2016-05-02 16:52:00,2016-05-02 13:27:00,2016-05-02 16:49:00,1110,1252,2016-05-02 18:27,2016-05-02 20:49,N555AN,75,557,A14,
AA306,N,DFW,IND,1250,1345,770,825,1252,1342,772.0,822.0,2.0,Domestic,100,0,,C6,2016-05-02 11:28:00,2016-05-02 12:50:00,2016-05-02 11:24:00,2016-05-02 12:52:00,928,1070,2016-05-02 15:24,2016-05-02 17:52,N483A,50,558,,C4
AA2466,N,DFW,MCO,1250,1345,770,825,1246,1353,766.0,833.0,2.0,,110,0,,A10,2016-05-02 10:53:00,2016-05-02 12:50:00,2016-05-02 10:53:00,2016-05-02 12:46:00,893,1070,2016-05-02 14:53,2016-05-02 17:46,N921AN,40,559,,A24
AA5782,N,DFW,JAX,1250,1330,770,810,1230,1343,750.0,823.0,3.0,Domestic,75,0,,B12,2016-05-02 10:58:00,2016-05-02 12:50:00,2016-05-02 10:55:00,2016-05-02 12:30:00,898,1070,2016-05-02 14:55,2016-05-02 17:30,N245LR,0,560,,B10
AA2358,Y,MSY,DFW,1250,1345,770,825,1252,1342,772.0,822.0,2.0,Domestic,0,19,C6,,2016-05-02 13:45:00,2016-05-02 15:10:00,2016-05-02 13:42:00,2016-05-02 15:07:00,1125,1210,2016-05-02 18:42,2016-05-02 20:07,N483A,131,561,C4,
AA5837,Y,ICT,DFW,1250,1330,770,810,1230,1343,750.0,823.0,3.0,Domestic,0,75,B12,,2016-05-02 13:30:00,2016-05-02 14:43:00,2016-05-02 13:43:00,2016-05-02 15:02:00,1110,1183,2016-05-02 18:43,2016-05-02 20:02,N245LR,0,562,B10,
AA358,N,DFW,STL,1250,1330,770,810,1246,1327,766.0,807.0,2.0,,114,0,,C33,2016-05-02 10:54:00,2016-05-02 12:50:00,2016-05-02 10:51:00,2016-05-02 12:46:00,954,1070,2016-05-02 15:51,2016-05-02 17:46,N555AN,36,563,,A14
AA1482,Y,LAS,DFW,1250,1345,770,825,1246,1353,766.0,833.0,2.0,Domestic,0,93,A10,,2016-05-02 13:45:00,2016-05-02 14:43:00,2016-05-02 13:53:00,2016-05-02 14:56:00,1125,1303,2016-05-02 18:53,2016-05-02 21:56,N921AN,57,564,A24,
AA5768,N,DFW,SDF,1253,1335,773,815,1250,1333,770.0,813.0,3.0,Domestic,75,0,,B5,2016-05-02 11:28:00,2016-05-02 12:53:00,2016-05-02 11:29:00,2016-05-02 12:50:00,928,1073,2016-05-02 15:29,2016-05-02 17:50,N954LR,0,565,,B9
AA5740,Y,MFE,DFW,1253,1335,773,815,1250,1333,770.0,813.0,3.0,Domestic,0,75,B5,,2016-05-02 13:35:00,2016-05-02 15:06:00,2016-05-02 13:33:00,2016-05-02 15:22:00,1115,1206,2016-05-02 18:33,2016-05-02 20:22,N954LR,0,566,B9,
AA3354,Y,ABI,DFW,1253,1330,773,810,1247,1328,767.0,808.0,3.0,Domestic,0,75,B47,,2016-05-02 13:30:00,2016-05-02 14:20:00,2016-05-02 13:28:00,2016-05-02 14:25:00,1110,1160,2016-05-02 18:28,2016-05-02 19:25,N813AE,0,567,B6,
AA3715,N,DFW,ABI,1253,1330,773,810,1247,1328,767.0,808.0,3.0,Domestic,75,0,,B47,2016-05-02 11:55:00,2016-05-02 12:53:00,2016-05-02 11:50:00,2016-05-02 12:47:00,1015,1073,2016-05-02 16:50,2016-05-02 17:47,N813AE,0,568,,B6
AA2267,Y,YYZ,DFW,1254,1340,774,820,1250,1401,770.0,841.0,2.0,,0,150,C26,,2016-05-02 13:40:00,2016-05-02 17:38:00,2016-05-02 14:01:00,2016-05-02 17:35:00,1120,1298,2016-05-02 19:01,2016-05-02 21:35,N470AA,0,569,A11,
AA5746,Y,SDF,DFW,1254,1440,774,880,1247,1434,767.0,874.0,3.0,Domestic,0,75,B26,,2016-05-02 14:40:00,2016-05-02 17:38:00,2016-05-02 14:34:00,2016-05-02 17:30:00,1180,1298,2016-05-02 19:34,2016-05-02 21:30,N939LR,0,570,B28,
AA5724,N,DFW,CVG,1254,1440,774,880,1247,1434,767.0,874.0,3.0,,75,0,,B26,2016-05-02 11:18:00,2016-05-02 12:54:00,2016-05-02 11:18:00,2016-05-02 12:47:00,918,1074,2016-05-02 15:18,2016-05-02 17:47,N939LR,0,571,,B28
AA2313,N,DFW,MFE,1254,1340,774,820,1250,1401,770.0,841.0,2.0,Domestic,61,0,,C26,2016-05-02 11:15:00,2016-05-02 12:54:00,2016-05-02 11:11:00,2016-05-02 12:50:00,975,1074,2016-05-02 16:11,2016-05-02 17:50,N470AA,89,572,,A11
AA1544,Y,IAD,DFW,1255,1355,775,835,1256,1353,776.0,833.0,2.0,Domestic,0,81,C19,,2016-05-02 13:55:00,2016-05-02 17:46:00,2016-05-02 13:53:00,2016-05-02 17:54:00,1135,1306,2016-05-02 18:53,2016-05-02 21:54,N966TW,69,573,C12,
AA1568,Y,MCI,DFW,1255,1350,775,830,1247,1359,767.0,839.0,2.0,Domestic,0,92,A14,,2016-05-02 13:50:00,2016-05-02 15:23:00,2016-05-02 13:59:00,2016-05-02 15:23:00,1130,1223,2016-05-02 18:59,2016-05-02 20:23,N946NN,58,574,A23,
AA244,N,DFW,SNA,1255,1350,775,830,1247,1359,767.0,839.0,2.0,,30,0,,A14,2016-05-02 08:00:00,2016-05-02 12:55:00,2016-05-02 08:01:00,2016-05-02 12:47:00,900,1075,2016-05-02 15:01,2016-05-02 17:47,N946NN,120,575,,A23
AA2312,N,DFW,ORD,1255,1355,775,835,1256,1353,776.0,833.0,2.0,,124,0,,C19,2016-05-02 10:23:00,2016-05-02 12:55:00,2016-05-02 10:29:00,2016-05-02 12:56:00,923,1075,2016-05-02 15:29,2016-05-02 17:56,N966TW,26,576,,C12
AA1286,Y,OMA,DFW,1255,1350,775,830,1244,1342,764.0,822.0,2.0,Domestic,0,81,C16,,2016-05-02 13:50:00,2016-05-02 15:34:00,2016-05-02 13:42:00,2016-05-02 15:21:00,1130,1234,2016-05-02 18:42,2016-05-02 20:21,N467AA,69,577,C6,
AA2532,N,DFW,MSP,1255,1350,775,830,1244,1342,764.0,822.0,2.0,Domestic,115,0,,C16,2016-05-02 10:20:00,2016-05-02 12:55:00,2016-05-02 10:10:00,2016-05-02 12:44:00,920,1075,2016-05-02 15:10,2016-05-02 17:44,N467AA,35,578,,C6
AA3142,N,DFW,OKC,1256,1340,776,820,1256,1407,776.0,847.0,3.0,,75,0,,B48,2016-05-02 11:55:00,2016-05-02 12:56:00,2016-05-02 11:57:00,2016-05-02 12:56:00,1015,1076,2016-05-02 16:57,2016-05-02 17:56,N505AE,0,579,,C24
AA3655,Y,XNA,DFW,1256,1340,776,820,1256,1407,776.0,847.0,3.0,Domestic,0,75,B48,,2016-05-02 13:40:00,2016-05-02 14:48:00,2016-05-02 14:07:00,2016-05-02 15:07:00,1120,1188,2016-05-02 19:07,2016-05-02 20:07,N505AE,0,580,C24,
AA2819,N,DFW,SHV,1256,1355,776,835,1311,1349,791.0,829.0,3.0,,42,0,,B43,2016-05-02 11:48:00,2016-05-02 12:56:00,2016-05-02 12:07:00,2016-05-02 13:11:00,1008,1076,2016-05-02 17:07,2016-05-02 18:11,N676AE,33,581,,A33
AA2910,Y,LAW,DFW,1256,1355,776,835,1311,1349,791.0,829.0,3.0,Domestic,0,48,B43,,2016-05-02 13:55:00,2016-05-02 14:48:00,2016-05-02 13:49:00,2016-05-02 14:47:00,1135,1188,2016-05-02 18:49,2016-05-02 19:47,N676AE,27,582,A33,
AA1506,N,DFW,BWI,1256,1326,776,806,1309,1326,789.0,806.0,2.0,,98,0,,A18,2016-05-02 10:30:00,2016-05-02 12:56:00,2016-05-02 10:34:00,2016-05-02 13:09:00,870,1076,2016-05-02 14:34,2016-05-02 18:09,N925NN,52,583,,A25
AA1033,N,DFW,DCA,1300,1410,780,850,1327,1419,807.0,859.0,2.0,,96,0,,A11,2016-05-02 10:31:00,2016-05-02 13:00:00,2016-05-02 10:44:00,2016-05-02 13:27:00,871,1080,2016-05-02 14:44,2016-05-02 18:27,N922AN,54,584,,A28
AA150,N,DFW,ELP,1300,1330,780,810,1241,1319,761.0,799.0,2.0,,55,0,,C29,2016-05-02 10:13:00,2016-05-02 13:00:00,2016-05-02 10:09:00,2016-05-02 12:41:00,973,1080,2016-05-02 16:09,2016-05-02 17:41,N8009T,95,585,,A18
AA2324,Y,RIC,DFW,1300,1345,780,825,1254,1347,774.0,827.0,2.0,Domestic,0,43,C2,,2016-05-02 13:45:00,2016-05-02 17:32:00,2016-05-02 13:47:00,2016-05-02 17:35:00,1125,1292,2016-05-02 18:47,2016-05-02 21:35,N9630A,107,586,A13,
AA2488,N,DFW,TPA,1300,1345,780,825,1254,1347,774.0,827.0,2.0,Domestic,103,0,,C2,2016-05-02 11:14:00,2016-05-02 13:00:00,2016-05-02 11:13:00,2016-05-02 12:54:00,914,1080,2016-05-02 15:13,2016-05-02 17:54,N9630A,47,587,,A13
AA2271,Y,PBI,DFW,1300,1410,780,850,1327,1419,807.0,859.0,2.0,Domestic,0,54,A11,,2016-05-02 14:10:00,2016-05-02 17:51:00,2016-05-02 14:19:00,2016-05-02 17:55:00,1150,1311,2016-05-02 19:19,2016-05-02 21:55,N922AN,96,588,A28,
AA2802,Y,LBB,DFW,1304,1350,784,830,1337,1408,817.0,848.0,3.0,Domestic,0,25,B30,,2016-05-02 13:50:00,2016-05-02 15:00:00,2016-05-02 14:08:00,2016-05-02 15:16:00,1130,1200,2016-05-02 19:08,2016-05-02 20:16,N626AE,50,589,C2,
AA2818,N,DFW,TYS,1304,1350,784,830,1337,1408,817.0,848.0,3.0,,62,0,,B30,2016-05-02 11:31:00,2016-05-02 13:04:00,2016-05-02 11:58:00,2016-05-02 13:37:00,931,1084,2016-05-02 15:58,2016-05-02 18:37,N626AE,13,590,,C2
AA1561,N,DFW,AUS,1305,1400,785,840,1304,1353,784.0,833.0,2.0,Domestic,25,0,,C10,2016-05-02 11:59:00,2016-05-02 13:05:00,2016-05-02 12:08:00,2016-05-02 13:04:00,1019,1085,2016-05-02 17:08,2016-05-02 18:04,N980TW,125,591,,A9
AA1439,Y,BNA,DFW,1305,1400,785,840,1304,1353,784.0,833.0,2.0,Domestic,0,65,C10,,2016-05-02 14:00:00,2016-05-02 15:48:00,2016-05-02 13:53:00,2016-05-02 15:23:00,1140,1248,2016-05-02 18:53,2016-05-02 20:23,N980TW,85,592,A9,
AA357,Y,SAT,DFW,1306,1355,786,835,1319,1406,799.0,846.0,2.0,Domestic,0,70,A19,,2016-05-02 13:55:00,2016-05-02 15:03:00,2016-05-02 14:06:00,2016-05-02 15:16:00,1135,1203,2016-05-02 19:06,2016-05-02 20:16,N854NN,80,593,A10,
AA1131,N,DFW,LGA,1306,1355,786,835,1319,1406,799.0,846.0,2.0,,111,0,,A19,2016-05-02 09:57:00,2016-05-02 13:06:00,2016-05-02 09:46:00,2016-05-02 13:19:00,837,1086,2016-05-02 13:46,2016-05-02 18:19,N854NN,39,594,,A10
AA3599,N,DFW,XNA,1309,1405,789,845,1254,1359,774.0,839.0,3.0,Domestic,75,0,,B15,2016-05-02 11:49:00,2016-05-02 13:09:00,2016-05-02 11:39:00,2016-05-02 12:54:00,1009,1089,2016-05-02 16:39,2016-05-02 17:54,N657AE,0,595,,B29
AA3202,Y,GCK,DFW,1309,1405,789,845,1254,1359,774.0,839.0,3.0,Domestic,0,75,B15,,2016-05-02 14:05:00,2016-05-02 15:34:00,2016-05-02 13:59:00,2016-05-02 15:30:00,1145,1234,2016-05-02 18:59,2016-05-02 20:30,N657AE,0,596,B29,
AA2487,N,DFW,CMH,1310,1345,790,825,1302,1343,782.0,823.0,2.0,,119,0,,C30,2016-05-02 11:20:00,2016-05-02 13:10:00,2016-05-02 11:14:00,2016-05-02 13:02:00,920,1090,2016-05-02 15:14,2016-05-02 18:02,N9405T,31,597,,A15
AA2383,Y,MEM,DFW,1310,1345,790,825,1302,1343,782.0,823.0,2.0,Domestic,0,54,C30,,2016-05-02 13:45:00,2016-05-02 15:14:00,2016-05-02 13:43:00,2016-05-02 15:05:00,1125,1214,2016-05-02 18:43,2016-05-02 20:05,N9405T,96,598,A15,
AA5795,Y,AMA,DFW,1315,1420,795,860,1335,1440,815.0,880.0,3.0,Domestic,0,75,B40,,2016-05-02 14:20:00,2016-05-02 15:31:00,2016-05-02 14:40:00,2016-05-02 15:52:00,1160,1231,2016-05-02 19:40,2016-05-02 20:52,N902FJ,0,599,C22,
AA5645,N,DFW,COS,1315,1420,795,860,1335,1440,815.0,880.0,3.0,Domestic,75,0,,B40,2016-05-02 10:20:00,2016-05-02 13:15:00,2016-05-02 10:50:00,2016-05-02 13:35:00,980,1095,2016-05-02 16:50,2016-05-02 18:35,N902FJ,0,600,,C22
AA5881,Y,MTY,DFW,1315,1400,795,840,1319,1427,799.0,867.0,3.0,,0,75,B2,,2016-05-02 14:00:00,2016-05-02 15:44:00,2016-05-02 14:27:00,2016-05-02 16:02:00,1140,1244,2016-05-02 19:27,2016-05-02 21:02,N242LR,0,601,B7,
AA1101,Y,ABQ,DFW,1315,1445,795,885,1315,1440,795.0,880.0,2.0,Domestic,0,98,C7,,2016-05-02 14:45:00,2016-05-02 15:33:00,2016-05-02 14:40:00,2016-05-02 15:33:00,1185,1293,2016-05-02 19:40,2016-05-02 21:33,N954U,52,602,C16,
AA5875,N,DFW,MTY,1315,1400,795,840,1319,1427,799.0,867.0,3.0,,75,0,,B2,2016-05-02 11:33:00,2016-05-02 13:15:00,2016-05-02 11:48:00,2016-05-02 13:19:00,993,1095,2016-05-02 16:48,2016-05-02 18:19,N242LR,0,603,,B7
AA2197,N,DFW,CLE,1318,1410,798,850,1315,1405,795.0,845.0,2.0,,114,0,,C20,2016-05-02 11:18:00,2016-05-02 13:18:00,2016-05-02 11:13:00,2016-05-02 13:15:00,918,1098,2016-05-02 15:13,2016-05-02 18:15,N7528A,36,604,,A16
AA1260,Y,DTW,DFW,1318,1410,798,850,1315,1405,795.0,845.0,2.0,Domestic,0,66,C20,,2016-05-02 14:10:00,2016-05-02 17:47:00,2016-05-02 14:05:00,2016-05-02 17:22:00,1150,1307,2016-05-02 19:05,2016-05-02 21:22,N7528A,84,605,A16,
AA3545,Y,LFT,DFW,1324,1410,804,850,1308,1412,788.0,852.0,3.0,Domestic,0,75,B28,,2016-05-02 14:10:00,2016-05-02 15:30:00,2016-05-02 14:12:00,2016-05-02 15:27:00,1150,1230,2016-05-02 19:12,2016-05-02 20:27,N939AE,0,606,C30,
AA3299,N,DFW,DRO,1324,1410,804,850,1308,1412,788.0,852.0,3.0,Domestic,75,0,,B28,2016-05-02 10:25:00,2016-05-02 13:24:00,2016-05-02 10:26:00,2016-05-02 13:08:00,985,1104,2016-05-02 16:26,2016-05-02 18:08,N939AE,0,607,,C30
AA1513,Y,COS,DFW,1325,1430,805,870,1331,1424,811.0,864.0,2.0,Domestic,0,86,C22,,2016-05-02 14:30:00,2016-05-02 15:21:00,2016-05-02 14:24:00,2016-05-02 15:15:00,1170,1281,2016-05-02 19:24,2016-05-02 21:15,N955U,64,608,A22,
AA2214,N,DFW,ABQ,1325,1430,805,870,1331,1424,811.0,864.0,2.0,Domestic,69,0,,C22,2016-05-02 10:37:00,2016-05-02 13:25:00,2016-05-02 10:59:00,2016-05-02 13:31:00,997,1105,2016-05-02 16:59,2016-05-02 18:31,N955U,81,609,,A22
AA5790,Y,CRP,DFW,1328,1415,808,855,1311,1412,791.0,852.0,3.0,Domestic,0,75,B8,,2016-05-02 14:15:00,2016-05-02 15:38:00,2016-05-02 14:12:00,2016-05-02 15:37:00,1155,1238,2016-05-02 19:12,2016-05-02 20:37,N919FJ,0,610,C28,
AA5838,N,DFW,HOU,1328,1415,808,855,1311,1412,791.0,852.0,3.0,Domestic,75,0,,B8,2016-05-02 12:12:00,2016-05-02 13:28:00,2016-05-02 12:07:00,2016-05-02 13:11:00,1032,1108,2016-05-02 17:07,2016-05-02 18:11,N919FJ,0,611,,C28
AA3208,N,DFW,PIA,1328,1358,808,838,1323,1642,803.0,1002.0,3.0,,75,0,,B38,2016-05-02 11:14:00,2016-05-02 13:28:00,2016-05-02 11:14:00,2016-05-02 13:23:00,974,1108,2016-05-02 16:14,2016-05-02 18:23,N809AE,0,612,,C27
AA524,Y,PHX,DFW,1329,1505,809,905,1317,,797.0,,2.0,Domestic,0,116,C39,,2016-05-02 15:05:00,2016-05-02 15:42:00,,,1205,1362,,,N165US,34,613,A25,
AA649,N,DFW,PHX,1329,1505,809,905,1317,1359,797.0,839.0,2.0,,101,0,,C39,2016-05-02 08:59:00,2016-05-02 13:29:00,2016-05-02 08:53:00,2016-05-02 13:17:00,959,1109,2016-05-02 15:53,2016-05-02 18:17,N165US,49,614,,A25
AA3225,Y,GJT,DFW,1340,1435,820,875,1331,1431,811.0,871.0,3.0,Domestic,0,75,B34,,2016-05-02 14:35:00,2016-05-02 15:49:00,2016-05-02 14:31:00,2016-05-02 15:37:00,1175,1309,2016-05-02 19:31,2016-05-02 21:37,N854AE,0,615,C21,
AA3378,N,DFW,ROW,1340,1435,820,875,1331,1431,811.0,871.0,3.0,Domestic,75,0,,B34,2016-05-02 11:10:00,2016-05-02 13:40:00,2016-05-02 11:08:00,2016-05-02 13:31:00,1030,1120,2016-05-02 17:08,2016-05-02 18:31,N854AE,0,616,,C21
AA2450,N,DFW,LAX,1340,1445,820,885,1342,1443,822.0,883.0,2.0,,95,0,,A15,2016-05-02 08:35:00,2016-05-02 13:40:00,2016-05-02 08:28:00,2016-05-02 13:42:00,935,1120,2016-05-02 15:28,2016-05-02 18:42,N154AA,55,617,,A14
AA1212,Y,MCO,DFW,1340,1445,820,885,1342,1443,822.0,883.0,2.0,Domestic,0,99,A15,,2016-05-02 14:45:00,2016-05-02 18:17:00,2016-05-02 14:43:00,2016-05-02 18:14:00,1185,1337,2016-05-02 19:43,2016-05-02 22:14,N154AA,51,618,A14,
AA384,Y,MCI,DFW,1343,1513,823,913,1343,1519,823.0,919.0,2.0,Domestic,0,105,C15,,2016-05-02 15:13:00,2016-05-02 16:47:00,2016-05-02 15:19:00,2016-05-02 16:45:00,1213,1307,2016-05-02 20:19,2016-05-02 21:45,N9622A,45,619,A35,
AA330,N,DFW,CLT,1345,1435,825,875,1324,1439,804.0,879.0,2.0,,130,0,,A36,2016-05-02 11:40:00,2016-05-02 13:45:00,2016-05-02 11:38:00,2016-05-02 13:24:00,940,1125,2016-05-02 15:38,2016-05-02 18:24,N961NN,20,620,,A13
AA51,Y,STL,DFW,1345,1530,825,930,1353,1524,833.0,924.0,2.0,Domestic,0,114,C29,,2016-05-02 15:30:00,2016-05-02 17:11:00,2016-05-02 15:24:00,2016-05-02 17:02:00,1230,1331,2016-05-02 20:24,2016-05-02 22:02,N438AA,36,621,C10,
AA1163,Y,CLT,DFW,1345,1435,825,875,1324,1439,804.0,879.0,2.0,Domestic,0,104,A36,,2016-05-02 14:35:00,2016-05-02 18:02:00,2016-05-02 14:39:00,2016-05-02 18:13:00,1175,1322,2016-05-02 19:39,2016-05-02 22:13,N961NN,46,622,A13,
AA320,N,DFW,SAT,1345,1530,825,930,1353,1524,833.0,924.0,2.0,Domestic,93,0,,C29,2016-05-02 12:35:00,2016-05-02 13:45:00,2016-05-02 12:38:00,2016-05-02 13:53:00,1055,1125,2016-05-02 17:38,2016-05-02 18:53,N438AA,57,623,,C10
AA2208,Y,CLE,DFW,1347,1440,827,880,1335,1433,815.0,873.0,2.0,Domestic,0,99,C24,,2016-05-02 14:40:00,2016-05-02 18:11:00,2016-05-02 14:33:00,2016-05-02 17:46:00,1180,1331,2016-05-02 19:33,2016-05-02 21:46,N570AA,51,624,A11,
AA1414,N,DFW,AUS,1347,1440,827,880,1335,1433,815.0,873.0,2.0,Domestic,94,0,,C24,2016-05-02 12:43:00,2016-05-02 13:47:00,2016-05-02 12:38:00,2016-05-02 13:35:00,1063,1127,2016-05-02 17:38,2016-05-02 18:35,N570AA,56,625,,A11
AA3658,Y,LFT,DFW,1349,1515,829,915,1356,1510,836.0,910.0,3.0,Domestic,0,75,B11,,2016-05-02 15:15:00,2016-05-02 16:36:00,2016-05-02 15:10:00,2016-05-02 16:20:00,1215,1296,2016-05-02 20:10,2016-05-02 21:20,N630AE,0,626,B42,
AA3140,N,DFW,GJT,1349,1515,829,915,1356,1510,836.0,910.0,3.0,,75,0,,B11,2016-05-02 10:35:00,2016-05-02 13:49:00,2016-05-02 10:44:00,2016-05-02 13:56:00,995,1129,2016-05-02 16:44,2016-05-02 18:56,N630AE,0,627,,B42
AA1078,N,DFW,EWR,1351,1421,831,861,1400,1654,840.0,1014.0,2.0,,119,0,,A10,2016-05-02 10:59:00,2016-05-02 13:51:00,2016-05-02 10:54:00,2016-05-02 14:00:00,899,1131,2016-05-02 14:54,2016-05-02 19:00,N981AN,31,628,,A15
AA5890,N,DFW,MFE,1359,1440,839,880,1329,1438,809.0,878.0,3.0,,75,0,,B25,2016-05-02 12:18:00,2016-05-02 13:59:00,2016-05-02 12:07:00,2016-05-02 13:29:00,1038,1139,2016-05-02 17:07,2016-05-02 18:29,N929LR,0,629,,B9
AA5829,Y,OKC,DFW,1359,1440,839,880,1329,1438,809.0,878.0,3.0,Domestic,0,75,B25,,2016-05-02 14:40:00,2016-05-02 15:34:00,2016-05-02 14:38:00,2016-05-02 15:27:00,1180,1234,2016-05-02 19:38,2016-05-02 20:27,N929LR,0,630,B9,
AA232,Y,ATL,DFW,1400,1530,840,930,1400,1552,840.0,952.0,2.0,Domestic,0,110,A14,,2016-05-02 15:30:00,2016-05-02 18:37:00,2016-05-02 15:52:00,2016-05-02 18:56:00,1230,1357,2016-05-02 20:52,2016-05-02 22:56,N125AA,40,631,C17,
AA3161,N,DFW,TYR,1404,1440,844,880,1359,1451,839.0,891.0,3.0,,75,0,,B49,2016-05-02 13:08:00,2016-05-02 14:04:00,2016-05-02 13:09:00,2016-05-02 13:59:00,1088,1144,2016-05-02 18:09,2016-05-02 18:59,N600BP,0,632,,B7
AA3310,Y,SJT,DFW,1404,1440,844,880,1359,1451,839.0,891.0,3.0,Domestic,0,75,B49,,2016-05-02 14:40:00,2016-05-02 15:38:00,2016-05-02 14:51:00,2016-05-02 15:54:00,1180,1238,2016-05-02 19:51,2016-05-02 20:54,N600BP,0,633,B7,
AA1059,N,DFW,ONT,1405,1515,845,915,1339,1512,819.0,912.0,2.0,,57,0,,A22,2016-05-02 09:05:00,2016-05-02 14:05:00,2016-05-02 08:59:00,2016-05-02 13:39:00,965,1145,2016-05-02 15:59,2016-05-02 18:39,N982AN,93,634,,A18
AA2319,Y,ORD,DFW,1405,1535,845,935,1405,1532,845.0,932.0,2.0,Domestic,0,130,C8,,2016-05-02 15:35:00,2016-05-02 17:58:00,2016-05-02 15:32:00,2016-05-02 17:57:00,1235,1378,2016-05-02 20:32,2016-05-02 22:57,N353AA,20,635,C8,
AA1593,Y,AUS,DFW,1405,1515,845,915,1339,1512,819.0,912.0,2.0,Domestic,0,44,A22,,2016-05-02 15:15:00,2016-05-02 16:16:00,2016-05-02 15:12:00,2016-05-02 16:10:00,1215,1276,2016-05-02 20:12,2016-05-02 21:10,N982AN,106,636,A18,
AA3531,N,DFW,LIT,1410,1440,850,880,1404,1633,844.0,993.0,3.0,Domestic,75,0,,B5,2016-05-02 12:49:00,2016-05-02 14:10:00,2016-05-02 12:40:00,2016-05-02 14:04:00,1069,1150,2016-05-02 17:40,2016-05-02 19:04,N223NN,0,637,,C27
AA3211,N,DFW,AMA,1410,1505,850,905,1347,1503,827.0,903.0,3.0,Domestic,75,0,,B13,2016-05-02 12:53:00,2016-05-02 14:10:00,2016-05-02 12:42:00,2016-05-02 13:47:00,1073,1150,2016-05-02 17:42,2016-05-02 18:47,N608LM,0,638,,C24
AA3371,Y,CLL,DFW,1410,1505,850,905,1347,1503,827.0,903.0,3.0,Domestic,0,75,B13,,2016-05-02 15:05:00,2016-05-02 15:58:00,2016-05-02 15:03:00,2016-05-02 15:55:00,1205,1258,2016-05-02 20:03,2016-05-02 20:55,N608LM,0,639,C24,
AA2196,N,DFW,TUS,1412,1520,852,920,1413,1517,853.0,917.0,2.0,,74,0,,C21,2016-05-02 10:00:00,2016-05-02 14:12:00,2016-05-02 10:02:00,2016-05-02 14:13:00,1020,1152,2016-05-02 17:02,2016-05-02 19:13,N9409F,76,640,,A33
AA184,Y,SEA,DFW,1412,1600,852,960,1408,1555,848.0,955.0,2.0,Domestic,0,106,A16,,2016-05-02 16:00:00,2016-05-02 18:11:00,2016-05-02 15:55:00,2016-05-02 17:58:00,1260,71,2016-05-02 20:55,2016-05-03 00:58,N152AA,44,641,C15,
AA143,N,DFW,SEA,1412,1600,852,960,1408,1555,848.0,955.0,2.0,,87,0,,A16,2016-05-02 08:10:00,2016-05-02 14:12:00,2016-05-02 08:04:00,2016-05-02 14:08:00,910,1152,2016-05-02 15:04,2016-05-02 19:08,N152AA,63,642,,C15
AA2611,Y,DAY,DFW,1412,1520,852,920,1413,1517,853.0,917.0,2.0,Domestic,0,68,C21,,2016-05-02 15:20:00,2016-05-02 18:36:00,2016-05-02 15:17:00,2016-05-02 18:15:00,1220,1356,2016-05-02 20:17,2016-05-02 22:15,N9409F,82,643,A33,
AA2734,Y,DEN,DFW,1413,1550,853,950,1414,1552,854.0,952.0,2.0,Domestic,0,107,A8,,2016-05-02 15:50:00,2016-05-02 16:53:00,2016-05-02 15:52:00,2016-05-02 17:01:00,1250,1373,2016-05-02 20:52,2016-05-02 23:01,N938NN,43,644,C14,
AA1556,N,DFW,IAD,1413,1550,853,950,1414,1552,854.0,952.0,2.0,,108,0,,A8,2016-05-02 11:49:00,2016-05-02 14:13:00,2016-05-02 11:46:00,2016-05-02 14:14:00,949,1153,2016-05-02 15:46,2016-05-02 19:14,N938NN,42,645,,C14
AA1620,N,DFW,DEN,1415,1525,855,925,1348,1522,828.0,922.0,2.0,Domestic,116,0,,A28,2016-05-02 11:13:00,2016-05-02 14:15:00,2016-05-02 11:09:00,2016-05-02 13:48:00,1033,1155,2016-05-02 17:09,2016-05-02 18:48,N932AN,34,646,,C4
AA2389,Y,SNA,DFW,1415,1525,855,925,1348,1522,828.0,922.0,2.0,Domestic,0,61,A28,,2016-05-02 15:25:00,2016-05-02 16:41:00,2016-05-02 15:22:00,2016-05-02 16:39:00,1225,1421,2016-05-02 20:22,2016-05-02 23:39,N932AN,89,647,C4,
AA5713,N,DFW,IAH,1418,1505,858,905,1419,1505,859.0,905.0,3.0,Domestic,75,0,,B29,2016-05-02 12:55:00,2016-05-02 14:18:00,2016-05-02 13:00:00,2016-05-02 14:19:00,1075,1158,2016-05-02 18:00,2016-05-02 19:19,N241LR,0,648,,B29
AA1148,Y,LGA,DFW,1418,1520,858,920,1405,1516,845.0,916.0,2.0,Domestic,0,95,A33,,2016-05-02 15:20:00,2016-05-02 19:46:00,2016-05-02 15:16:00,2016-05-02 19:30:00,1220,1426,2016-05-02 20:16,2016-05-02 23:30,N953NN,55,649,A34,
AA1298,N,DFW,SNA,1418,1520,858,920,1405,1516,845.0,916.0,2.0,Domestic,78,0,,A33,2016-05-02 09:25:00,2016-05-02 14:18:00,2016-05-02 09:26:00,2016-05-02 14:05:00,985,1158,2016-05-02 16:26,2016-05-02 19:05,N953NN,72,650,,A34
AA5745,Y,GRR,DFW,1418,1505,858,905,1419,1505,859.0,905.0,3.0,Domestic,0,75,B29,,2016-05-02 15:05:00,2016-05-02 18:32:00,2016-05-02 15:05:00,2016-05-02 18:09:00,1205,1352,2016-05-02 20:05,2016-05-02 22:09,N241LR,0,651,B29,
AA3559,Y,MHK,DFW,1419,1530,859,930,1412,1523,852.0,923.0,3.0,Domestic,0,75,B33,,2016-05-02 15:30:00,2016-05-02 16:55:00,2016-05-02 15:23:00,2016-05-02 16:45:00,1230,1315,2016-05-02 20:23,2016-05-02 21:45,N833AE,0,652,B40,
AA3527,N,DFW,SAF,1419,1530,859,930,1412,1523,852.0,923.0,3.0,Domestic,75,0,,B33,2016-05-02 11:33:00,2016-05-02 14:19:00,2016-05-02 11:31:00,2016-05-02 14:12:00,1053,1159,2016-05-02 17:31,2016-05-02 19:12,N833AE,0,653,,B40
AA3364,N,DFW,CRP,1420,1450,860,890,1405,1639,845.0,999.0,3.0,Domestic,75,0,,B7,2016-05-02 12:52:00,2016-05-02 14:20:00,2016-05-02 12:40:00,2016-05-02 14:05:00,1072,1160,2016-05-02 17:40,2016-05-02 19:05,N221NN,0,654,,B6
AA970,N,DFW,MCI,1420,1515,860,915,1414,1509,854.0,909.0,2.0,,105,0,,C16,2016-05-02 12:36:00,2016-05-02 14:20:00,2016-05-02 12:35:00,2016-05-02 14:14:00,1056,1160,2016-05-02 17:35,2016-05-02 19:14,N5007E,45,655,,A28
AA1302,N,DFW,FLL,1420,1520,860,920,1410,1521,850.0,921.0,2.0,Domestic,116,0,,C2,2016-05-02 12:01:00,2016-05-02 14:20:00,2016-05-02 11:59:00,2016-05-02 14:10:00,961,1160,2016-05-02 15:59,2016-05-02 19:10,N840NN,34,656,,A24
AA1455,N,DFW,RDU,1420,1450,860,890,,1450,,890.0,,,-36,0,,C2,2016-05-02 12:16:00,2016-05-02 14:20:00,,,976,1160,,,N9677W,36,657,,A39
AA1524,Y,SAT,DFW,1420,1515,860,915,1414,1509,854.0,909.0,2.0,Domestic,0,64,C16,,2016-05-02 15:15:00,2016-05-02 16:24:00,2016-05-02 15:09:00,2016-05-02 16:18:00,1215,1284,2016-05-02 20:09,2016-05-02 21:18,N5007E,86,658,A28,
AA2302,Y,MSP,DFW,1420,1520,860,920,1410,1521,850.0,921.0,2.0,Domestic,0,114,C2,,2016-05-02 15:20:00,2016-05-02 17:41:00,2016-05-02 15:21:00,2016-05-02 17:38:00,1220,1361,2016-05-02 20:21,2016-05-02 22:38,N840NN,36,659,A24,
AA5774,Y,LBB,DFW,1420,1550,860,950,1402,1551,842.0,951.0,3.0,Domestic,0,75,B41,,2016-05-02 15:50:00,2016-05-02 16:59:00,2016-05-02 15:51:00,2016-05-02 16:58:00,1250,1319,2016-05-02 20:51,2016-05-02 21:58,N942LR,0,660,B12,
AA2585,Y,MKE,DFW,1421,1515,861,915,1428,1508,868.0,908.0,2.0,Domestic,0,109,C30,,2016-05-02 15:15:00,2016-05-02 17:32:00,2016-05-02 15:08:00,2016-05-02 17:00:00,1215,1352,2016-05-02 20:08,2016-05-02 22:00,N7541A,41,661,C12,
AA2491,N,DFW,SAN,1421,1510,861,910,1413,1509,853.0,909.0,2.0,Domestic,65,0,,A24,2016-05-02 09:25:00,2016-05-02 14:21:00,2016-05-02 09:29:00,2016-05-02 14:13:00,985,1161,2016-05-02 16:29,2016-05-02 19:13,N143AN,85,662,,C7
AA2897,N,DFW,ICT,1421,1515,861,915,1408,1513,848.0,913.0,3.0,,47,0,,B16,2016-05-02 12:59:00,2016-05-02 14:21:00,2016-05-02 12:49:00,2016-05-02 14:08:00,1079,1161,2016-05-02 17:49,2016-05-02 19:08,N685AE,28,663,,A8
AA2824,Y,SHV,DFW,1421,1515,861,915,1408,1513,848.0,913.0,3.0,Domestic,0,18,B16,,2016-05-02 15:15:00,2016-05-02 16:12:00,2016-05-02 15:13:00,2016-05-02 16:11:00,1215,1272,2016-05-02 20:13,2016-05-02 21:11,N685AE,57,664,A8,
AA1412,Y,MIA,DFW,1421,1510,861,910,1413,1509,853.0,909.0,2.0,Domestic,0,97,A24,,2016-05-02 15:10:00,2016-05-02 19:01:00,2016-05-02 15:09:00,2016-05-02 18:40:00,1210,1381,2016-05-02 20:09,2016-05-02 22:40,N143AN,53,665,C7,
AA2419,N,DFW,DTW,1421,1515,861,915,1428,1508,868.0,908.0,2.0,Domestic,114,0,,C30,2016-05-02 12:20:00,2016-05-02 14:21:00,2016-05-02 12:13:00,2016-05-02 14:28:00,980,1161,2016-05-02 16:13,2016-05-02 19:28,N7541A,36,666,,C12
AA1252,N,DFW,PIT,1424,1509,864,909,1427,1514,867.0,914.0,2.0,Domestic,104,0,,C17,2016-05-02 12:20:00,2016-05-02 14:24:00,2016-05-02 12:16:00,2016-05-02 14:27:00,980,1164,2016-05-02 16:16,2016-05-02 19:27,N484AA,46,667,,C6
AA990,N,DFW,MIA,1424,1454,864,894,1427,1454,867.0,894.0,,,-35,0,,C4,2016-05-02 12:15:00,2016-05-02 14:24:00,2016-05-02 12:19:00,2016-05-02 14:27:00,975,1164,2016-05-02 16:19,2016-05-02 19:27,N362AA,35,668,,A37
AA1578,Y,YUL,DFW,1424,1515,864,915,1408,1517,848.0,917.0,2.0,,0,150,C28,,2016-05-02 15:15:00,2016-05-02 19:50:00,2016-05-02 15:17:00,2016-05-02 19:21:00,1215,1430,2016-05-02 20:17,2016-05-02 23:21,N3014R,0,669,C11,
AA1427,N,DFW,ATL,1424,1515,864,915,1408,1517,848.0,917.0,2.0,Domestic,106,0,,C28,2016-05-02 13:00:00,2016-05-02 14:24:00,2016-05-02 12:55:00,2016-05-02 14:08:00,1020,1164,2016-05-02 16:55,2016-05-02 19:08,N3014R,44,670,,C11
AA2430,Y,CMH,DFW,1424,1509,864,909,1427,1514,867.0,914.0,2.0,Domestic,0,94,C17,,2016-05-02 15:09:00,2016-05-02 18:30:00,2016-05-02 15:14:00,2016-05-02 18:19:00,1209,1350,2016-05-02 20:14,2016-05-02 22:19,N484AA,56,671,C6,
AA2251,N,DFW,BOS,1425,1455,865,895,1428,1655,868.0,1015.0,2.0,,109,0,,A19,2016-05-02 11:03:00,2016-05-02 14:25:00,2016-05-02 11:00:00,2016-05-02 14:28:00,903,1165,2016-05-02 15:00,2016-05-02 19:28,N972AN,41,672,,C26
AA5734,N,DFW,LBB,1425,1505,865,905,1358,1458,838.0,898.0,3.0,,75,0,,B27,2016-05-02 13:10:00,2016-05-02 14:25:00,2016-05-02 13:05:00,2016-05-02 13:58:00,1090,1165,2016-05-02 18:05,2016-05-02 18:58,N922FJ,0,673,,C22
AA5836,Y,GSP,DFW,1425,1505,865,905,1358,1458,838.0,898.0,3.0,Domestic,0,75,B27,,2016-05-02 15:05:00,2016-05-02 18:17:00,2016-05-02 14:58:00,2016-05-02 17:59:00,1205,1337,2016-05-02 19:58,2016-05-02 21:59,N922FJ,0,674,C22,
AA1194,Y,SAN,DFW,1427,1545,867,945,1417,1539,857.0,939.0,2.0,Domestic,0,100,A25,,2016-05-02 15:45:00,2016-05-02 16:52:00,2016-05-02 15:39:00,2016-05-02 16:48:00,1245,1432,2016-05-02 20:39,2016-05-02 23:48,N146AA,50,675,A29,
AA3358,N,DFW,MEM,1427,1510,867,910,1459,1545,899.0,945.0,3.0,Domestic,75,0,,B6,2016-05-02 12:46:00,2016-05-02 14:27:00,2016-05-02 13:05:00,2016-05-02 14:59:00,1066,1167,2016-05-02 18:05,2016-05-02 19:59,N229NN,0,676,,C29
AA1316,N,DFW,PHL,1427,1545,867,945,1417,1539,857.0,939.0,2.0,Domestic,110,0,,A25,2016-05-02 11:40:00,2016-05-02 14:27:00,2016-05-02 11:37:00,2016-05-02 14:17:00,940,1167,2016-05-02 15:37,2016-05-02 19:17,N146AA,40,677,,A29
AA3383,Y,LIT,DFW,1427,1510,867,910,1459,1545,899.0,945.0,3.0,Domestic,0,75,B6,,2016-05-02 15:10:00,2016-05-02 16:24:00,2016-05-02 15:45:00,2016-05-02 17:07:00,1210,1284,2016-05-02 20:45,2016-05-02 22:07,N229NN,0,678,C29,
AA386,Y,JAX,DFW,1428,1510,868,910,1421,1530,861.0,930.0,2.0,Domestic,0,75,C10,,2016-05-02 15:10:00,2016-05-02 18:30:00,2016-05-02 15:30:00,2016-05-02 18:34:00,1210,1350,2016-05-02 20:30,2016-05-02 22:34,N9618A,75,679,A15,
AA2334,N,DFW,ORD,1428,1510,868,910,1421,1530,861.0,930.0,2.0,,123,0,,C10,2016-05-02 11:55:00,2016-05-02 14:28:00,2016-05-02 11:51:00,2016-05-02 14:21:00,1015,1168,2016-05-02 16:51,2016-05-02 19:21,N9618A,27,680,,A15
AA3650,Y,PIA,DFW,1429,1505,869,905,1419,1503,859.0,903.0,3.0,Domestic,0,75,B47,,2016-05-02 15:05:00,2016-05-02 16:59:00,2016-05-02 15:03:00,2016-05-02 16:48:00,1205,1319,2016-05-02 20:03,2016-05-02 21:48,N682AE,0,681,B11,
AA3551,N,DFW,CLL,1429,1505,869,905,1419,1503,859.0,903.0,3.0,Domestic,75,0,,B47,2016-05-02 13:27:00,2016-05-02 14:29:00,2016-05-02 13:24:00,2016-05-02 14:19:00,1107,1169,2016-05-02 18:24,2016-05-02 19:19,N682AE,0,682,,B11
AA50,N,DFW,STL,1429,1525,869,925,1417,1524,857.0,924.0,2.0,,121,0,,C12,2016-05-02 12:35:00,2016-05-02 14:29:00,2016-05-02 12:33:00,2016-05-02 14:17:00,1055,1169,2016-05-02 17:33,2016-05-02 19:17,N979TW,29,683,,A16
AA1327,Y,PHL,DFW,1429,1525,869,925,1417,1524,857.0,924.0,2.0,Domestic,0,92,C12,,2016-05-02 15:25:00,2016-05-02 19:41:00,2016-05-02 15:24:00,2016-05-02 19:41:00,1225,1421,2016-05-02 20:24,2016-05-02 23:41,N979TW,58,684,A16,
AA5883,N,DFW,BJX,1429,1515,869,915,1432,1524,872.0,924.0,3.0,,75,0,,B1,2016-05-02 12:07:00,2016-05-02 14:29:00,2016-05-02 12:23:00,2016-05-02 14:32:00,1027,1169,2016-05-02 17:23,2016-05-02 19:32,N953LR,0,685,,B10
AA5825,Y,CID,DFW,1429,1515,869,915,1432,1524,872.0,924.0,3.0,Domestic,0,75,B1,,2016-05-02 15:15:00,2016-05-02 17:15:00,2016-05-02 15:24:00,2016-05-02 17:11:00,1215,1335,2016-05-02 20:24,2016-05-02 22:11,N953LR,0,686,B10,
AA2851,Y,SAF,DFW,1430,1515,870,915,1443,1518,883.0,918.0,3.0,Domestic,0,41,B37,,2016-05-02 15:15:00,2016-05-02 16:03:00,2016-05-02 15:18:00,2016-05-02 16:11:00,1215,1323,2016-05-02 20:18,2016-05-02 22:11,N633AE,34,687,A38,
AA2823,Y,GRK,DFW,1430,1520,870,920,1429,1516,869.0,916.0,3.0,Domestic,0,50,B31,,2016-05-02 15:20:00,2016-05-02 16:10:00,2016-05-02 15:16:00,2016-05-02 16:14:00,1220,1270,2016-05-02 20:16,2016-05-02 21:14,N675AE,25,688,A9,
AA1231,N,DFW,SJC,1430,1540,870,940,1407,1536,847.0,936.0,2.0,,60,0,,A17,2016-05-02 08:56:00,2016-05-02 14:30:00,2016-05-02 08:54:00,2016-05-02 14:07:00,956,1170,2016-05-02 15:54,2016-05-02 19:07,N916NN,90,689,,A22
AA2823,N,DFW,SHV,1430,1515,870,915,1443,1518,883.0,918.0,3.0,Domestic,42,0,,B37,2016-05-02 13:22:00,2016-05-02 14:30:00,2016-05-02 13:36:00,2016-05-02 14:43:00,1102,1170,2016-05-02 18:36,2016-05-02 19:43,N633AE,33,690,,A38
AA1300,Y,MSY,DFW,1430,1535,870,935,1413,1533,853.0,933.0,2.0,Domestic,0,45,A9,,2016-05-02 15:35:00,2016-05-02 17:02:00,2016-05-02 15:33:00,2016-05-02 16:49:00,1235,1322,2016-05-02 20:33,2016-05-02 21:49,N910NN,105,691,A19,
AA70,N,DFW,LAS,1430,1535,870,935,1413,1533,853.0,933.0,2.0,,84,0,,A9,2016-05-02 09:47:00,2016-05-02 14:30:00,2016-05-02 09:44:00,2016-05-02 14:13:00,1007,1170,2016-05-02 16:44,2016-05-02 19:13,N910NN,66,692,,A19
AA2833,N,DFW,ACT,1430,1520,870,920,1429,1516,869.0,916.0,3.0,,47,0,,B31,2016-05-02 13:40:00,2016-05-02 14:30:00,2016-05-02 13:45:00,2016-05-02 14:29:00,1120,1170,2016-05-02 18:45,2016-05-02 19:29,N675AE,28,693,,A9
AA2738,Y,CLT,DFW,1430,1540,870,940,1407,1536,847.0,936.0,2.0,Domestic,0,123,A17,,2016-05-02 15:40:00,2016-05-02 19:10:00,2016-05-02 15:36:00,2016-05-02 19:16:00,1240,1390,2016-05-02 20:36,2016-05-02 23:16,N916NN,27,694,A22,
AA5832,N,DFW,PNS,1433,1525,873,925,1429,1524,869.0,924.0,3.0,,75,0,,B46,2016-05-02 12:30:00,2016-05-02 14:33:00,2016-05-02 12:31:00,2016-05-02 14:29:00,1050,1173,2016-05-02 17:31,2016-05-02 19:29,N913FJ,0,695,,C30
AA5729,Y,ELP,DFW,1433,1525,873,925,1429,1524,869.0,924.0,3.0,Domestic,0,75,B46,,2016-05-02 15:25:00,2016-05-02 16:07:00,2016-05-02 15:24:00,2016-05-02 16:04:00,1225,1327,2016-05-02 20:24,2016-05-02 22:04,N913FJ,0,696,C30,
AA5760,N,DFW,JAN,1434,1555,874,955,1456,1554,896.0,954.0,3.0,,75,0,,B42,2016-05-02 12:53:00,2016-05-02 14:34:00,2016-05-02 13:13:00,2016-05-02 14:56:00,1073,1174,2016-05-02 18:13,2016-05-02 19:56,N909FJ,0,697,,C31
AA5895,Y,MAF,DFW,1434,1555,874,955,1456,1554,896.0,954.0,3.0,Domestic,0,75,B42,,2016-05-02 15:55:00,2016-05-02 17:10:00,2016-05-02 15:54:00,2016-05-02 17:03:00,1255,1330,2016-05-02 20:54,2016-05-02 22:03,N909FJ,0,698,C31,
AA3213,N,DFW,SGF,1434,1510,874,910,1441,1519,881.0,919.0,3.0,,75,0,,B44,2016-05-02 13:02:00,2016-05-02 14:34:00,2016-05-02 13:18:00,2016-05-02 14:41:00,1082,1174,2016-05-02 18:18,2016-05-02 19:41,N620AE,0,699,,C28
AA3289,Y,CVG,DFW,1434,1510,874,910,1441,1519,881.0,919.0,3.0,Domestic,0,75,B44,,2016-05-02 15:10:00,2016-05-02 18:26:00,2016-05-02 15:19:00,2016-05-02 18:27:00,1210,1346,2016-05-02 20:19,2016-05-02 22:27,N620AE,0,700,C28,
AA149,N,DFW,ELP,1435,1505,875,905,1507,1733,907.0,1053.0,2.0,Domestic,78,0,,C14,2016-05-02 11:51:00,2016-05-02 14:35:00,2016-05-02 12:38:00,2016-05-02 15:07:00,1071,1175,2016-05-02 18:38,2016-05-02 20:07,N437AA,72,701,,A36
AA2608,Y,TUL,DFW,1438,1600,878,960,1444,1551,884.0,951.0,2.0,Domestic,0,81,A20,,2016-05-02 16:00:00,2016-05-02 17:01:00,2016-05-02 15:51:00,2016-05-02 16:45:00,1260,1321,2016-05-02 20:51,2016-05-02 21:45,N970NN,69,702,A20,
AA1162,N,DFW,LGA,1438,1600,878,960,1444,1551,884.0,951.0,2.0,,112,0,,A20,2016-05-02 11:30:00,2016-05-02 14:38:00,2016-05-02 11:44:00,2016-05-02 14:44:00,930,1178,2016-05-02 15:44,2016-05-02 19:44,N970NN,38,703,,A20
AA5849,Y,HOU,DFW,1439,1535,879,935,1418,1532,858.0,932.0,3.0,Domestic,0,75,B43,,2016-05-02 15:35:00,2016-05-02 16:46:00,2016-05-02 15:32:00,2016-05-02 16:43:00,1235,1306,2016-05-02 20:32,2016-05-02 21:43,N908FJ,0,704,C21,
AA5736,N,DFW,MAF,1439,1535,879,935,1418,1532,858.0,932.0,3.0,,75,0,,B43,2016-05-02 13:18:00,2016-05-02 14:39:00,2016-05-02 13:14:00,2016-05-02 14:18:00,1098,1179,2016-05-02 18:14,2016-05-02 19:18,N908FJ,0,705,,C21
AA1602,N,DFW,DCA,1440,1510,880,910,1458,1734,898.0,1054.0,2.0,,97,0,,A11,2016-05-02 12:10:00,2016-05-02 14:40:00,2016-05-02 12:10:00,2016-05-02 14:58:00,970,1180,2016-05-02 16:10,2016-05-02 19:58,N901NN,53,706,,A17
AA3440,N,DFW,FSM,1440,1510,880,910,1508,1638,908.0,998.0,3.0,,75,0,,B48,2016-05-02 13:33:00,2016-05-02 14:40:00,2016-05-02 14:06:00,2016-05-02 15:08:00,1113,1180,2016-05-02 19:06,2016-05-02 20:08,N649PP,0,707,,C27
AA385,N,DFW,LAX,1443,1545,883,945,1422,1540,862.0,940.0,2.0,,109,0,,A23,2016-05-02 09:35:00,2016-05-02 14:43:00,2016-05-02 09:33:00,2016-05-02 14:22:00,995,1183,2016-05-02 16:33,2016-05-02 19:22,N129AA,41,708,,A10
AA2496,Y,LAX,DFW,1443,1545,883,945,1422,1540,862.0,940.0,2.0,Domestic,0,116,A23,,2016-05-02 15:45:00,2016-05-02 17:09:00,2016-05-02 15:40:00,2016-05-02 17:10:00,1245,9,2016-05-02 20:40,2016-05-03 00:10,N129AA,34,709,A10,
AA560,N,DFW,PHX,1444,1545,884,945,1441,1539,881.0,939.0,2.0,,112,0,,C37,2016-05-02 10:19:00,2016-05-02 14:44:00,2016-05-02 10:16:00,2016-05-02 14:41:00,1039,1184,2016-05-02 17:16,2016-05-02 19:41,N545UW,38,710,,A13
AA1573,N,DFW,ABQ,1444,1510,884,910,1435,1516,875.0,916.0,2.0,Domestic,72,0,,C19,2016-05-02 11:58:00,2016-05-02 14:44:00,2016-05-02 11:59:00,2016-05-02 14:35:00,1078,1184,2016-05-02 17:59,2016-05-02 19:35,N9616G,78,711,,A11
AA2242,Y,BNA,DFW,1444,1510,884,910,1435,1516,875.0,916.0,2.0,Domestic,0,83,C19,,2016-05-02 15:10:00,2016-05-02 16:59:00,2016-05-02 15:16:00,2016-05-02 16:52:00,1210,1319,2016-05-02 20:16,2016-05-02 21:52,N9616G,67,712,A11,
AA777,Y,LAS,DFW,1444,1545,884,945,1441,1539,881.0,939.0,2.0,Domestic,0,101,C37,,2016-05-02 15:45:00,2016-05-02 16:42:00,2016-05-02 15:39:00,2016-05-02 16:32:00,1245,1422,2016-05-02 20:39,2016-05-02 23:32,N545UW,49,713,A13,
AA2825,Y,BRO,DFW,1445,1530,885,930,1439,1529,879.0,929.0,3.0,Domestic,0,53,B15,,2016-05-02 15:30:00,2016-05-02 17:08:00,2016-05-02 15:29:00,2016-05-02 17:06:00,1230,1328,2016-05-02 20:29,2016-05-02 22:06,N680AE,22,714,C16,
AA2810,N,DFW,VPS,1445,1530,885,930,1439,1529,879.0,929.0,3.0,Domestic,63,0,,B15,2016-05-02 12:30:00,2016-05-02 14:45:00,2016-05-02 12:23:00,2016-05-02 14:39:00,1050,1185,2016-05-02 17:23,2016-05-02 19:39,N680AE,12,715,,C16
AA2398,N,DFW,BNA,1450,1535,890,935,1451,1530,891.0,930.0,2.0,Domestic,120,0,,C33,2016-05-02 12:38:00,2016-05-02 14:50:00,2016-05-02 12:52:00,2016-05-02 14:51:00,1058,1190,2016-05-02 17:52,2016-05-02 19:51,N424AA,30,716,,A14
AA1137,Y,MFE,DFW,1450,1535,890,935,1451,1530,891.0,930.0,2.0,Domestic,0,74,C33,,2016-05-02 15:35:00,2016-05-02 17:10:00,2016-05-02 15:30:00,2016-05-02 17:01:00,1235,1330,2016-05-02 20:30,2016-05-02 22:01,N424AA,76,717,A14,
AA3403,N,DFW,XNA,1455,1540,895,940,1438,1546,878.0,946.0,3.0,Domestic,75,0,,B28,2016-05-02 13:37:00,2016-05-02 14:55:00,2016-05-02 13:31:00,2016-05-02 14:38:00,1117,1195,2016-05-02 18:31,2016-05-02 19:38,N539EA,0,718,,C26
AA3217,Y,XNA,DFW,1455,1540,895,940,1438,1546,878.0,946.0,3.0,Domestic,0,75,B28,,2016-05-02 15:40:00,2016-05-02 16:47:00,2016-05-02 15:46:00,2016-05-02 16:45:00,1240,1307,2016-05-02 20:46,2016-05-02 21:45,N539EA,0,719,C26,
AA2256,Y,IAH,DFW,1456,1550,896,950,1500,1554,900.0,954.0,2.0,Domestic,0,98,C26,,2016-05-02 15:50:00,2016-05-02 16:59:00,2016-05-02 15:54:00,2016-05-02 17:00:00,1250,1319,2016-05-02 20:54,2016-05-02 22:00,N9401W,52,720,A21,
AA1557,N,DFW,OKC,1456,1550,896,950,1500,1554,900.0,954.0,2.0,Domestic,82,0,,C26,2016-05-02 13:53:00,2016-05-02 14:56:00,2016-05-02 14:05:00,2016-05-02 15:00:00,1133,1196,2016-05-02 19:05,2016-05-02 20:00,N9401W,68,721,,A21
AA301,Y,DTW,DFW,1457,1650,897,1010,1504,1650,904.0,1010.0,2.0,Domestic,0,100,A18,,2016-05-02 16:50:00,2016-05-02 20:30:00,2016-05-02 16:50:00,2016-05-02 20:18:00,1310,30,2016-05-02 21:50,2016-05-03 00:18,N970AN,50,722,A37,
AA1577,N,DFW,CLT,1457,1650,897,1010,1504,1650,904.0,1010.0,2.0,,106,0,,A18,2016-05-02 13:01:00,2016-05-02 14:57:00,2016-05-02 13:16:00,2016-05-02 15:04:00,1021,1197,2016-05-02 17:16,2016-05-02 20:04,N970AN,44,723,,A37
AA3321,Y,ROW,DFW,1459,1535,899,935,1452,1536,892.0,936.0,3.0,Domestic,0,75,B34,,2016-05-02 15:35:00,2016-05-02 16:06:00,2016-05-02 15:36:00,2016-05-02 16:08:00,1235,1326,2016-05-02 20:36,2016-05-02 22:08,N664MS,0,724,B9,
AA3495,N,DFW,BHM,1459,1535,899,935,1452,1536,892.0,936.0,3.0,,75,0,,B34,2016-05-02 12:50:00,2016-05-02 14:59:00,2016-05-02 12:51:00,2016-05-02 14:52:00,1070,1199,2016-05-02 17:51,2016-05-02 19:52,N664MS,0,725,,B9
AA2822,Y,ACT,DFW,1501,1540,901,940,1531,1602,931.0,962.0,3.0,Domestic,0,41,B45,,2016-05-02 15:40:00,2016-05-02 16:20:00,2016-05-02 16:02:00,2016-05-02 16:46:00,1240,1280,2016-05-02 21:02,2016-05-02 21:46,N624AE,34,726,A39,
AA2858,N,DFW,AEX,1501,1540,901,940,1531,1602,931.0,962.0,3.0,Domestic,27,0,,B45,2016-05-02 13:44:00,2016-05-02 15:01:00,2016-05-02 14:23:00,2016-05-02 15:31:00,1124,1201,2016-05-02 19:23,2016-05-02 20:31,N624AE,48,727,,A39
AA3684,Y,CRP,DFW,1503,1545,903,945,1504,1543,904.0,943.0,3.0,Domestic,0,75,B12,,2016-05-02 15:45:00,2016-05-02 17:07:00,2016-05-02 15:43:00,2016-05-02 17:07:00,1245,1327,2016-05-02 20:43,2016-05-02 22:07,N222NS,0,728,B7,
AA5691,N,DFW,COS,1503,1533,903,933,,1716,,1036.0,3.0,,75,0,,B41,2016-05-02 12:08:00,2016-05-02 15:03:00,,,1088,1203,,,N914FJ,0,729,,B6
AA3357,N,DFW,DSM,1503,1545,903,945,1504,1543,904.0,943.0,3.0,Domestic,75,0,,B12,2016-05-02 13:00:00,2016-05-02 15:03:00,2016-05-02 12:54:00,2016-05-02 15:04:00,1080,1203,2016-05-02 17:54,2016-05-02 20:04,N222NS,0,730,,B7
AA249,Y,SFO,DFW,1504,1600,904,960,1448,1558,888.0,958.0,2.0,Domestic,0,110,A29,,2016-05-02 16:00:00,2016-05-02 17:46:00,2016-05-02 15:58:00,2016-05-02 17:37:00,1260,46,2016-05-02 20:58,2016-05-03 00:37,N975AN,40,731,A23,
AA1009,N,DFW,MCO,1504,1600,904,960,1448,1558,888.0,958.0,2.0,,102,0,,A29,2016-05-02 13:10:00,2016-05-02 15:04:00,2016-05-02 13:05:00,2016-05-02 14:48:00,1030,1204,2016-05-02 17:05,2016-05-02 19:48,N975AN,48,732,,A23
AA2792,Y,LRD,DFW,1505,1550,905,950,1508,1544,908.0,944.0,3.0,Domestic,0,62,B4,,2016-05-02 15:50:00,2016-05-02 17:14:00,2016-05-02 15:44:00,2016-05-02 17:12:00,1250,1334,2016-05-02 20:44,2016-05-02 22:12,N671AE,13,733,A25,
AA2846,N,DFW,MLU,1505,1550,905,950,1508,1544,908.0,944.0,3.0,Domestic,44,0,,B4,2016-05-02 13:44:00,2016-05-02 15:05:00,2016-05-02 13:36:00,2016-05-02 15:08:00,1124,1205,2016-05-02 18:36,2016-05-02 20:08,N671AE,31,734,,A25
AA1170,Y,LGA,DFW,1507,1637,907,997,1507,1654,907.0,1014.0,2.0,Domestic,0,112,A10,,2016-05-02 16:37:00,2016-05-02 21:00:00,2016-05-02 16:54:00,2016-05-02 21:01:00,1297,60,2016-05-02 21:54,2016-05-03 01:01,N981AN,38,735,A36,
AA3363,Y,XNA,DFW,1510,1640,910,1000,1510,1633,910.0,993.0,3.0,Domestic,0,75,B5,,2016-05-02 16:40:00,2016-05-02 17:50:00,2016-05-02 16:33:00,2016-05-02 17:56:00,1300,1370,2016-05-02 21:33,2016-05-02 22:56,N223NN,0,736,B43,
AA3426,N,DFW,MZT,1513,1543,913,943,1455,1739,895.0,1059.0,,,0,0,,B2,2016-05-02 11:43:00,2016-05-02 15:13:00,2016-05-02 11:41:00,2016-05-02 14:55:00,1063,1213,2016-05-02 17:41,2016-05-02 19:55,N654AE,0,737,,B25
AA5727,Y,AMA,DFW,1514,1605,914,965,1539,1626,939.0,986.0,3.0,Domestic,0,75,B3,,2016-05-02 16:05:00,2016-05-02 17:17:00,2016-05-02 16:26:00,2016-05-02 17:31:00,1265,1337,2016-05-02 21:26,2016-05-02 22:31,N938LR,0,738,C22,
AA5685,N,DFW,GDL,1514,1605,914,965,1539,1626,939.0,986.0,3.0,,75,0,,B3,2016-05-02 12:36:00,2016-05-02 15:14:00,2016-05-02 13:22:00,2016-05-02 15:39:00,1056,1214,2016-05-02 18:22,2016-05-02 20:39,N938LR,0,739,,C22
AA3248,Y,OMA,DFW,1515,1645,915,1005,1515,1639,915.0,999.0,3.0,Domestic,0,75,B7,,2016-05-02 16:45:00,2016-05-02 18:30:00,2016-05-02 16:39:00,2016-05-02 18:28:00,1305,1410,2016-05-02 21:39,2016-05-02 23:28,N221NN,0,740,B31,
AA2860,N,DFW,BTR,1515,1550,915,950,1502,1559,902.0,959.0,3.0,Domestic,36,0,,B14,2016-05-02 13:40:00,2016-05-02 15:15:00,2016-05-02 13:35:00,2016-05-02 15:02:00,1120,1215,2016-05-02 18:35,2016-05-02 20:02,N687JS,39,741,,A15
AA190,Y,SAT,DFW,1515,1620,915,980,1451,1612,891.0,972.0,2.0,Domestic,0,100,C20,,2016-05-02 16:20:00,2016-05-02 17:26:00,2016-05-02 16:12:00,2016-05-02 17:16:00,1280,1346,2016-05-02 21:12,2016-05-02 22:16,N983TW,50,742,A11,
AA3712,Y,FSM,DFW,1515,1645,915,1005,1508,1638,908.0,998.0,3.0,Domestic,0,75,B48,,2016-05-02 16:45:00,2016-05-02 17:45:00,2016-05-02 16:38:00,2016-05-02 17:46:00,1305,1365,2016-05-02 21:38,2016-05-02 22:46,N649PP,0,743,C20,
AA3177,Y,MGM,DFW,1515,1645,915,1005,1515,1642,915.0,1002.0,3.0,Domestic,0,75,B38,,2016-05-02 16:45:00,2016-05-02 18:32:00,2016-05-02 16:42:00,2016-05-02 18:52:00,1305,1412,2016-05-02 21:42,2016-05-02 23:52,N809AE,0,744,C35,
AA2846,Y,MLU,DFW,1515,1550,915,950,1502,1559,902.0,959.0,3.0,Domestic,0,42,B14,,2016-05-02 15:50:00,2016-05-02 16:58:00,2016-05-02 15:59:00,2016-05-02 17:07:00,1250,1318,2016-05-02 20:59,2016-05-02 22:07,N687JS,33,745,A15,
AA2510,N,DFW,SLC,1515,1620,915,980,1451,1612,891.0,972.0,2.0,Domestic,112,0,,C20,2016-05-02 11:31:00,2016-05-02 15:15:00,2016-05-02 11:24:00,2016-05-02 14:51:00,1051,1215,2016-05-02 17:24,2016-05-02 19:51,N983TW,38,746,,A11
AA5722,N,DFW,HSV,1516,1625,916,985,1510,1621,910.0,981.0,3.0,Domestic,75,0,,B25,2016-05-02 13:10:00,2016-05-02 15:16:00,2016-05-02 13:16:00,2016-05-02 15:10:00,1090,1216,2016-05-02 18:16,2016-05-02 20:10,N952LR,0,747,,C24
AA5681,Y,OKC,DFW,1516,1625,916,985,1510,1621,910.0,981.0,3.0,Domestic,0,75,B25,,2016-05-02 16:25:00,2016-05-02 17:21:00,2016-05-02 16:21:00,2016-05-02 17:11:00,1285,1341,2016-05-02 21:21,2016-05-02 22:11,N952LR,0,748,C24,
AA3664,N,DFW,LCH,1517,1700,917,1020,1503,1658,903.0,1018.0,3.0,,75,0,,B30,2016-05-02 13:58:00,2016-05-02 15:17:00,2016-05-02 13:51:00,2016-05-02 15:03:00,1138,1217,2016-05-02 18:51,2016-05-02 20:03,N830AE,0,749,,B42
AA3381,Y,MOB,DFW,1517,1700,917,1020,1503,1658,903.0,1018.0,3.0,Domestic,0,75,B30,,2016-05-02 17:00:00,2016-05-02 18:42:00,2016-05-02 16:58:00,2016-05-02 18:38:00,1320,1422,2016-05-02 21:58,2016-05-02 23:38,N830AE,0,750,B42,
AA5625,N,DFW,CID,1519,1600,919,960,1509,1551,909.0,951.0,3.0,,75,0,,B26,2016-05-02 13:02:00,2016-05-02 15:19:00,2016-05-02 13:00:00,2016-05-02 15:09:00,1082,1219,2016-05-02 18:00,2016-05-02 20:09,N916FJ,0,751,,C12
AA5763,Y,SGF,DFW,1519,1600,919,960,1509,1551,909.0,951.0,3.0,Domestic,0,75,B26,,2016-05-02 16:00:00,2016-05-02 17:19:00,2016-05-02 15:51:00,2016-05-02 17:06:00,1260,1339,2016-05-02 20:51,2016-05-02 22:06,N916FJ,0,752,C12,
AA3709,Y,LIT,DFW,1520,1650,920,1010,1520,1656,920.0,1016.0,3.0,Domestic,0,75,B9,,2016-05-02 16:50:00,2016-05-02 18:06:00,2016-05-02 16:56:00,2016-05-02 18:01:00,1310,1386,2016-05-02 21:56,2016-05-02 23:01,N220NN,0,753,C33,
AA3705,Y,CLL,DFW,1520,1650,920,1010,1520,1722,920.0,1042.0,3.0,Domestic,0,75,B17,,2016-05-02 16:50:00,2016-05-02 17:45:00,2016-05-02 17:22:00,2016-05-02 18:19:00,1310,1365,2016-05-02 22:22,2016-05-02 23:19,N823AE,0,754,C19,
AA1244,Y,ORD,DFW,1520,1650,920,1010,1520,1646,920.0,1006.0,2.0,Domestic,0,125,C12,,2016-05-02 16:50:00,2016-05-02 19:14:00,2016-05-02 16:46:00,2016-05-02 19:02:00,1310,14,2016-05-02 21:46,2016-05-03 00:02,N482AA,25,755,A35,
AA3506,N,DFW,BMI,1524,1554,924,954,1517,1823,917.0,1103.0,3.0,Domestic,75,0,,B39,2016-05-02 13:08:00,2016-05-02 15:24:00,2016-05-02 12:58:00,2016-05-02 15:17:00,1088,1224,2016-05-02 17:58,2016-05-02 20:17,N656AE,0,756,,C27
AA2902,Y,TXK,DFW,1525,1655,925,1015,1525,1912,925.0,1152.0,3.0,Domestic,0,39,B48,,2016-05-02 16:55:00,2016-05-02 17:49:00,2016-05-02 19:12:00,2016-05-02 20:06:00,1315,1369,2016-05-03 00:12,2016-05-03 01:06,N677AE,36,757,A38,
AA3518,Y,ICT,DFW,1526,1615,926,975,1511,1612,911.0,972.0,3.0,Domestic,0,75,B8,,2016-05-02 16:15:00,2016-05-02 17:28:00,2016-05-02 16:12:00,2016-05-02 17:17:00,1275,1348,2016-05-02 21:12,2016-05-02 22:17,N226NN,0,758,B29,
AA3219,N,DFW,LIT,1526,1615,926,975,1511,1612,911.0,972.0,3.0,Domestic,75,0,,B8,2016-05-02 14:04:00,2016-05-02 15:26:00,2016-05-02 13:56:00,2016-05-02 15:11:00,1144,1226,2016-05-02 18:56,2016-05-02 20:11,N226NN,0,759,,B29
AA1564,Y,EWR,DFW,1530,1645,930,1005,1521,1648,921.0,1008.0,2.0,Domestic,0,88,A21,,2016-05-02 16:45:00,2016-05-02 21:11:00,2016-05-02 16:48:00,2016-05-02 21:19:00,1305,71,2016-05-02 21:48,2016-05-03 01:19,N907NN,62,760,A24,
AA2222,N,DFW,AUS,1530,1645,930,1005,1521,1648,921.0,1008.0,2.0,Domestic,94,0,,A21,2016-05-02 14:26:00,2016-05-02 15:30:00,2016-05-02 14:26:00,2016-05-02 15:21:00,1166,1230,2016-05-02 19:26,2016-05-02 20:21,N907NN,56,761,,A24
AA37,Y,SFO,DFW,1530,1700,930,1020,1530,1655,930.0,1015.0,2.0,Domestic,0,107,A19,,2016-05-02 17:00:00,2016-05-02 18:52:00,2016-05-02 16:55:00,2016-05-02 18:40:00,1320,112,2016-05-02 21:55,2016-05-03 01:40,N972AN,43,762,C17,
AA71,Y,LAS,DFW,1535,1705,935,1025,1704,1755,1024.0,1075.0,2.0,Domestic,0,116,A13,,2016-05-02 17:05:00,2016-05-02 18:07:00,2016-05-02 17:55:00,2016-05-02 18:50:00,1325,67,2016-05-02 22:55,2016-05-03 01:50,N887NN,34,763,B11,
AA315,N,DFW,SAT,1540,1610,940,970,1533,1610,933.0,970.0,2.0,Domestic,71,0,,A28,2016-05-02 14:29:00,2016-05-02 15:40:00,2016-05-02 14:21:00,2016-05-02 15:33:00,1169,1240,2016-05-02 19:21,2016-05-02 20:33,N859NN,79,764,,C6
AA243,Y,SAT,DFW,1546,1655,946,1015,1517,1650,917.0,1010.0,2.0,Domestic,0,57,C22,,2016-05-02 16:55:00,2016-05-02 18:05:00,2016-05-02 16:50:00,2016-05-02 17:54:00,1315,1385,2016-05-02 21:50,2016-05-02 22:54,N7548A,93,765,A16,
AA372,N,DFW,DEN,1546,1655,946,1015,1517,1650,917.0,1010.0,2.0,,116,0,,C22,2016-05-02 12:40:00,2016-05-02 15:46:00,2016-05-02 12:35:00,2016-05-02 15:17:00,1120,1246,2016-05-02 18:35,2016-05-02 20:17,N7548A,34,766,,A16
AA5796,N,DFW,LEX,1547,1640,947,1000,1544,1640,944.0,1000.0,3.0,,75,0,,B47,2016-05-02 14:15:00,2016-05-02 15:47:00,2016-05-02 14:10:00,2016-05-02 15:44:00,1095,1247,2016-05-02 18:10,2016-05-02 20:44,N943LR,0,767,,B27
AA5874,Y,DSM,DFW,1547,1640,947,1000,1544,1640,944.0,1000.0,3.0,Domestic,0,75,B47,,2016-05-02 16:40:00,2016-05-02 18:24:00,2016-05-02 16:40:00,2016-05-02 18:21:00,1300,1404,2016-05-02 21:40,2016-05-02 23:21,N943LR,0,768,B27,
AA74,Y,MEM,DFW,1547,1640,947,1000,1530,1643,930.0,1003.0,2.0,Domestic,0,87,C30,,2016-05-02 16:40:00,2016-05-02 18:10:00,2016-05-02 16:43:00,2016-05-02 18:03:00,1300,1390,2016-05-02 21:43,2016-05-02 23:03,N494AA,63,769,A22,
AA2377,N,DFW,TUS,1547,1640,947,1000,1530,1643,930.0,1003.0,2.0,,75,0,,C30,2016-05-02 11:32:00,2016-05-02 15:47:00,2016-05-02 11:37:00,2016-05-02 15:30:00,1112,1247,2016-05-02 18:37,2016-05-02 20:30,N494AA,75,770,,A22
AA2431,N,DFW,SJC,1548,1645,948,1005,1533,1641,933.0,1001.0,2.0,,79,0,,A36,2016-05-02 10:15:00,2016-05-02 15:48:00,2016-05-02 10:15:00,2016-05-02 15:33:00,1035,1248,2016-05-02 17:15,2016-05-02 20:33,N956NN,71,771,,C11
AA3209,N,DFW,OMA,1548,1618,948,978,1606,1858,966.0,1138.0,3.0,Domestic,75,0,,B6,2016-05-02 13:49:00,2016-05-02 15:48:00,2016-05-02 14:12:00,2016-05-02 16:06:00,1129,1248,2016-05-02 19:12,2016-05-02 21:06,N227NN,0,772,,B7
AA1121,Y,DCA,DFW,1548,1645,948,1005,1533,1641,933.0,1001.0,2.0,Domestic,0,102,A36,,2016-05-02 16:45:00,2016-05-02 20:39:00,2016-05-02 16:41:00,,1305,39,2016-05-02 21:41,,N956NN,48,773,C11,
AA2212,Y,STL,DFW,1549,1645,949,1005,1551,1643,951.0,1003.0,2.0,Domestic,0,94,C10,,2016-05-02 16:45:00,2016-05-02 18:25:00,2016-05-02 16:43:00,2016-05-02 18:17:00,1305,1405,2016-05-02 21:43,2016-05-02 23:17,N9402W,56,774,A14,
AA2335,N,DFW,ORD,1549,1645,949,1005,1551,1643,951.0,1003.0,2.0,Domestic,128,0,,C10,2016-05-02 13:19:00,2016-05-02 15:49:00,2016-05-02 13:19:00,2016-05-02 15:51:00,1099,1249,2016-05-02 18:19,2016-05-02 20:51,N9402W,22,775,,A14
AA1292,N,DFW,TUL,1550,1700,950,1020,1546,1703,946.0,1023.0,2.0,Domestic,80,0,,A9,2016-05-02 14:35:00,2016-05-02 15:50:00,2016-05-02 14:40:00,2016-05-02 15:46:00,1175,1250,2016-05-02 19:40,2016-05-02 20:46,N932NN,70,776,,C7
AA1164,Y,LGA,DFW,1550,1700,950,1020,1546,1703,946.0,1023.0,2.0,Domestic,0,109,A9,,2016-05-02 17:00:00,2016-05-02 21:28:00,2016-05-02 17:03:00,2016-05-02 21:18:00,1320,88,2016-05-02 22:03,2016-05-03 01:18,N932NN,41,777,C7,
AA277,N,DFW,SAN,1552,1655,952,1015,1544,1706,944.0,1026.0,2.0,Domestic,103,0,,A24,2016-05-02 10:55:00,2016-05-02 15:52:00,2016-05-02 11:04:00,2016-05-02 15:44:00,1075,1252,2016-05-02 18:04,2016-05-02 20:44,N677AN,47,778,,C14
AA2328,Y,BOS,DFW,1552,1655,952,1015,1544,1706,944.0,1026.0,2.0,Domestic,0,119,A24,,2016-05-02 16:55:00,2016-05-02 21:34:00,2016-05-02 17:06:00,2016-05-02 21:29:00,1315,94,2016-05-02 22:06,2016-05-03 01:29,N677AN,31,779,C14,
AA5781,N,DFW,SLP,1554,1655,954,1015,1546,1654,946.0,1014.0,3.0,,75,0,,B1,2016-05-02 13:39:00,2016-05-02 15:54:00,2016-05-02 13:50:00,2016-05-02 15:46:00,1119,1254,2016-05-02 18:50,2016-05-02 20:46,N927LR,0,780,,C28
AA2233,Y,MEX,DFW,1554,1715,954,1035,1526,1713,926.0,1033.0,2.0,,0,150,A15,,2016-05-02 17:15:00,2016-05-02 19:54:00,2016-05-02 17:13:00,2016-05-02 19:44:00,1335,54,2016-05-02 22:13,2016-05-03 00:44,N815NN,0,781,C10,
AA1034,N,DFW,MEM,1554,1624,954,984,1702,1624,1022.0,2424.0,2.0,Domestic,105,0,,C35,2016-05-02 14:10:00,2016-05-02 15:54:00,2016-05-02 15:22:00,2016-05-02 17:02:00,1150,1254,2016-05-02 20:22,2016-05-02 22:02,N8009T,45,782,,C26
AA5721,Y,ABQ,DFW,1554,1655,954,1015,1546,1654,946.0,1014.0,3.0,Domestic,0,75,B1,,2016-05-02 16:55:00,2016-05-02 17:43:00,2016-05-02 16:54:00,2016-05-02 17:43:00,1315,1423,2016-05-02 21:54,2016-05-02 23:43,N927LR,0,783,C28,
AA5708,N,DFW,MSN,1554,1640,954,1000,1523,1635,923.0,995.0,3.0,Domestic,75,0,,B27,2016-05-02 13:17:00,2016-05-02 15:54:00,2016-05-02 13:09:00,2016-05-02 15:23:00,1097,1254,2016-05-02 18:09,2016-05-02 20:23,N925FJ,0,784,,B26
AA1164,N,DFW,SFO,1554,1715,954,1035,1526,1713,926.0,1033.0,2.0,Domestic,100,0,,A15,2016-05-02 10:25:00,2016-05-02 15:54:00,2016-05-02 10:23:00,2016-05-02 15:26:00,1045,1254,2016-05-02 17:23,2016-05-02 20:26,N815NN,50,785,,C10
AA5656,N,DFW,ICT,1554,1624,954,984,1543,1842,943.0,1122.0,3.0,Domestic,75,0,,B43,2016-05-02 14:26:00,2016-05-02 15:54:00,2016-05-02 14:22:00,2016-05-02 15:43:00,1166,1254,2016-05-02 19:22,2016-05-02 20:43,N329MS,0,786,,B5
AA5777,Y,HSV,DFW,1554,1640,954,1000,1523,1635,923.0,995.0,3.0,Domestic,0,75,B27,,2016-05-02 16:40:00,2016-05-02 18:25:00,2016-05-02 16:35:00,2016-05-02 18:16:00,1300,1405,2016-05-02 21:35,2016-05-02 23:16,N925FJ,0,787,B26,
AA1218,N,DFW,SMF,1555,1705,955,1025,1537,1705,937.0,1025.0,2.0,,87,0,,C11,2016-05-02 10:30:00,2016-05-02 15:55:00,2016-05-02 10:26:00,2016-05-02 15:37:00,1050,1255,2016-05-02 17:26,2016-05-02 20:37,N850NN,63,788,,A21
AA3319,Y,JAN,DFW,1555,1640,955,1000,1603,1636,963.0,996.0,3.0,Domestic,0,75,B12,,2016-05-02 16:40:00,2016-05-02 18:03:00,2016-05-02 16:36:00,2016-05-02 17:46:00,1300,1383,2016-05-02 21:36,2016-05-02 22:46,N692AE,0,789,B10,
AA1072,Y,PHL,DFW,1555,1725,955,1045,1555,1734,955.0,1054.0,2.0,Domestic,0,119,A11,,2016-05-02 17:25:00,2016-05-02 21:42:00,2016-05-02 17:34:00,2016-05-02 21:26:00,1345,102,2016-05-02 22:34,2016-05-03 01:26,N901NN,31,790,B12,
AA3471,N,DFW,CVG,1555,1640,955,1000,1603,1636,963.0,996.0,3.0,,75,0,,B12,2016-05-02 14:17:00,2016-05-02 15:55:00,2016-05-02 14:20:00,2016-05-02 16:03:00,1097,1255,2016-05-02 18:20,2016-05-02 21:03,N692AE,0,791,,B10
AA2506,N,DFW,SNA,1555,1710,955,1030,1604,1705,964.0,1025.0,2.0,Domestic,93,0,,A17,2016-05-02 11:01:00,2016-05-02 15:55:00,2016-05-02 11:16:00,2016-05-02 16:04:00,1081,1255,2016-05-02 18:16,2016-05-02 21:04,N985NN,57,792,,A29
AA2478,Y,SMF,DFW,1555,1710,955,1030,1604,1705,964.0,1025.0,2.0,Domestic,0,84,A17,,2016-05-02 17:10:00,2016-05-02 18:55:00,2016-05-02 17:05:00,2016-05-02 18:50:00,1330,115,2016-05-02 22:05,2016-05-03 01:50,N985NN,66,793,A29,
AA2490,Y,BDL,DFW,1555,1705,955,1025,1537,1705,937.0,1025.0,2.0,Domestic,0,91,C11,,2016-05-02 17:05:00,2016-05-02 21:34:00,2016-05-02 17:05:00,2016-05-02 21:13:00,1325,94,2016-05-02 22:05,2016-05-03 01:13,N850NN,59,794,A21,
AA2442,N,DFW,LAX,1556,1725,956,1045,1627,1737,987.0,1057.0,2.0,,106,0,,A25,2016-05-02 10:50:00,2016-05-02 15:56:00,2016-05-02 11:34:00,2016-05-02 16:27:00,1070,1256,2016-05-02 18:34,2016-05-02 21:27,N134AN,44,795,,A10
AA2280,Y,LAX,DFW,1556,1725,956,1045,1627,1737,987.0,1057.0,2.0,Domestic,0,103,A25,,2016-05-02 17:25:00,2016-05-02 18:52:00,2016-05-02 17:37:00,2016-05-02 18:55:00,1345,112,2016-05-02 22:37,2016-05-03 01:55,N134AN,47,796,A10,
AA3494,N,DFW,TYR,1557,1640,957,1000,1614,1640,974.0,1000.0,3.0,,75,0,,B29,2016-05-02 15:02:00,2016-05-02 15:57:00,2016-05-02 15:27:00,2016-05-02 16:14:00,1202,1257,2016-05-02 20:27,2016-05-02 21:14,N909AE,0,797,,C31
AA2395,N,DFW,LAS,1557,1655,957,1015,1532,1652,932.0,1012.0,2.0,Domestic,102,0,,A22,2016-05-02 11:10:00,2016-05-02 15:57:00,2016-05-02 11:04:00,2016-05-02 15:32:00,1090,1257,2016-05-02 18:04,2016-05-02 20:32,N128AN,48,798,,A25
AA2812,N,DFW,GPT,1557,1634,957,994,1609,1638,969.0,998.0,3.0,,52,0,,B11,2016-05-02 14:03:00,2016-05-02 15:57:00,2016-05-02 14:24:00,2016-05-02 16:09:00,1143,1257,2016-05-02 19:24,2016-05-02 21:09,N673AE,23,799,,A15
AA2827,Y,VPS,DFW,1557,1634,957,994,1609,1638,969.0,998.0,3.0,Domestic,0,49,B11,,2016-05-02 16:34:00,2016-05-02 18:27:00,2016-05-02 16:38:00,2016-05-02 18:39:00,1294,1407,2016-05-02 21:38,2016-05-02 23:39,N673AE,26,800,A15,
AA3230,Y,MLI,DFW,1557,1640,957,1000,1614,1640,974.0,1000.0,3.0,Domestic,0,75,B29,,2016-05-02 16:40:00,2016-05-02 18:37:00,2016-05-02 16:40:00,2016-05-02 18:30:00,1300,1417,2016-05-02 21:40,2016-05-02 23:30,N909AE,0,801,C31,
AA2434,Y,MCO,DFW,1557,1655,957,1015,1532,1652,932.0,1012.0,2.0,Domestic,0,97,A22,,2016-05-02 16:55:00,2016-05-02 20:32:00,2016-05-02 16:52:00,2016-05-02 20:27:00,1315,32,2016-05-02 21:52,2016-05-03 00:27,N128AN,53,802,A25,
AA2277,Y,ONT,DFW,1558,1700,958,1020,1617,1703,977.0,1023.0,2.0,Domestic,0,89,C7,,2016-05-02 17:00:00,2016-05-02 18:14:00,2016-05-02 17:03:00,2016-05-02 18:15:00,1320,74,2016-05-02 22:03,2016-05-03 01:15,N875NN,61,803,A33,
AA2540,N,DFW,FLL,1558,1700,958,1020,1617,1703,977.0,1023.0,2.0,,94,0,,C7,2016-05-02 13:41:00,2016-05-02 15:58:00,2016-05-02 13:58:00,2016-05-02 16:17:00,1061,1258,2016-05-02 17:58,2016-05-02 21:17,N875NN,56,804,,A33
AA3459,N,DFW,BRO,1559,1710,959,1030,1532,1704,932.0,1024.0,3.0,Domestic,75,0,,B31,2016-05-02 14:15:00,2016-05-02 15:59:00,2016-05-02 14:06:00,2016-05-02 15:32:00,1155,1259,2016-05-02 19:06,2016-05-02 20:32,N941LT,0,805,,C29
AA3342,N,DFW,GRI,1559,1710,959,1030,1550,1655,950.0,1015.0,3.0,Domestic,75,0,,B37,2016-05-02 14:12:00,2016-05-02 15:59:00,2016-05-02 14:03:00,2016-05-02 15:50:00,1152,1259,2016-05-02 19:03,2016-05-02 20:50,N827AE,0,806,,B40
AA3411,Y,LAW,DFW,1559,1710,959,1030,1532,1704,932.0,1024.0,3.0,Domestic,0,75,B31,,2016-05-02 17:10:00,2016-05-02 18:03:00,2016-05-02 17:04:00,2016-05-02 17:53:00,1330,1383,2016-05-02 22:04,2016-05-02 22:53,N941LT,0,807,C29,
AA3331,Y,PBC,DFW,1559,1710,959,1030,1550,1655,950.0,1015.0,3.0,Domestic,0,75,B37,,2016-05-02 17:10:00,2016-05-02 19:48:00,2016-05-02 16:55:00,2016-05-02 19:28:00,1330,48,2016-05-02 21:55,2016-05-03 00:28,N827AE,0,808,B40,
AA1141,N,DFW,LGA,1600,1630,960,990,1612,1630,972.0,990.0,2.0,,83,0,,A8,2016-05-02 12:59:00,2016-05-02 16:00:00,2016-05-02 12:56:00,2016-05-02 16:12:00,1019,1260,2016-05-02 16:56,2016-05-02 21:12,N920AN,67,809,,C12
AA1221,Y,AUS,DFW,1600,1700,960,1020,1632,1715,992.0,1035.0,2.0,Domestic,0,46,C17,,2016-05-02 17:00:00,2016-05-02 18:04:00,2016-05-02 17:15:00,2016-05-02 18:13:00,1320,1384,2016-05-02 22:15,2016-05-02 23:13,N571AA,104,810,C4,
AA1473,N,DFW,ATL,1600,1700,960,1020,1632,1715,992.0,1035.0,2.0,,120,0,,C17,2016-05-02 14:36:00,2016-05-02 16:00:00,2016-05-02 15:03:00,2016-05-02 16:32:00,1116,1260,2016-05-02 19:03,2016-05-02 21:32,N571AA,30,811,,C4
AA3443,N,DFW,GRK,1601,1631,961,991,1550,1815,950.0,1095.0,3.0,Domestic,75,0,,B35,2016-05-02 15:07:00,2016-05-02 16:01:00,2016-05-02 14:56:00,2016-05-02 15:50:00,1207,1261,2016-05-02 19:56,2016-05-02 20:50,N693AE,0,812,,B6
AA3224,Y,GPT,DFW,1602,1650,962,1010,1547,1646,947.0,1006.0,3.0,Domestic,0,75,B34,,2016-05-02 16:50:00,2016-05-02 18:26:00,2016-05-02 16:46:00,2016-05-02 18:21:00,1310,1406,2016-05-02 21:46,2016-05-02 23:21,N813AE,0,813,B28,
AA3354,N,DFW,ABI,1602,1650,962,1010,1547,1646,947.0,1006.0,3.0,Domestic,75,0,,B34,2016-05-02 15:08:00,2016-05-02 16:02:00,2016-05-02 15:01:00,2016-05-02 15:47:00,1208,1262,2016-05-02 20:01,2016-05-02 20:47,N813AE,0,814,,B28
AA2516,N,DFW,STL,1605,1705,965,1025,1555,1658,955.0,1018.0,2.0,,113,0,,C19,2016-05-02 14:09:00,2016-05-02 16:05:00,2016-05-02 14:08:00,2016-05-02 15:55:00,1149,1265,2016-05-02 19:08,2016-05-02 20:55,N9619V,37,815,,A20
AA152,N,DFW,DCA,1605,1745,965,1065,1632,1755,992.0,1075.0,,,-79,0,,A23,2016-05-02 13:39:00,2016-05-02 16:05:00,2016-05-02 13:59:00,2016-05-02 16:32:00,1059,1265,2016-05-02 17:59,2016-05-02 21:32,N905NN,79,816,,A39
AA2369,Y,YVR,DFW,1605,1745,965,1065,1632,1755,992.0,1075.0,,,0,0,A23,,2016-05-02 17:45:00,2016-05-02 20:04:00,2016-05-02 17:55:00,2016-05-02 20:01:00,1365,184,2016-05-02 22:55,2016-05-03 03:01,N905NN,0,817,A39,
AA1288,N,DFW,BOS,1605,1720,965,1040,1616,1717,976.0,1037.0,2.0,Domestic,89,0,,A33,2016-05-02 12:43:00,2016-05-02 16:05:00,2016-05-02 12:42:00,2016-05-02 16:16:00,1003,1265,2016-05-02 16:42,2016-05-02 21:16,N978AN,61,818,,C22
AA3293,Y,TRC,DFW,1605,1735,965,1055,1605,1739,965.0,1059.0,,,0,0,B2,,2016-05-02 17:35:00,2016-05-02 19:42:00,2016-05-02 17:39:00,2016-05-02 19:45:00,1355,42,2016-05-02 22:39,2016-05-03 00:45,N654AE,0,819,B44,
AA944,Y,TUS,DFW,1605,1705,965,1025,1555,1658,955.0,1018.0,2.0,Domestic,0,85,C19,,2016-05-02 17:05:00,2016-05-02 17:32:00,2016-05-02 16:58:00,2016-05-02 17:22:00,1325,32,2016-05-02 21:58,2016-05-03 00:22,N9619V,65,820,A20,
AA1288,Y,SNA,DFW,1605,1720,965,1040,1616,1717,976.0,1037.0,2.0,Domestic,0,106,A33,,2016-05-02 17:20:00,2016-05-02 18:37:00,2016-05-02 17:17:00,2016-05-02 18:39:00,1340,97,2016-05-02 22:17,2016-05-03 01:39,N978AN,44,821,C22,
AA2260,Y,PSP,DFW,1606,1715,966,1035,1628,1721,988.0,1041.0,2.0,Domestic,0,87,A29,,2016-05-02 17:15:00,2016-05-02 18:23:00,2016-05-02 17:21:00,2016-05-02 18:24:00,1335,83,2016-05-02 22:21,2016-05-03 01:24,N857NN,63,822,C16,
AA228,N,DFW,PHL,1606,1715,966,1035,1628,1721,988.0,1041.0,2.0,,93,0,,A29,2016-05-02 13:28:00,2016-05-02 16:06:00,2016-05-02 13:23:00,2016-05-02 16:28:00,1048,1266,2016-05-02 17:23,2016-05-02 21:28,N857NN,57,823,,C16
AA1179,N,DFW,MSY,1607,1640,967,1000,1551,1635,951.0,995.0,2.0,Domestic,99,0,,C27,2016-05-02 14:25:00,2016-05-02 16:07:00,2016-05-02 13:58:00,2016-05-02 15:51:00,1165,1267,2016-05-02 18:58,2016-05-02 20:51,N9403W,51,824,,A13
AA2259,Y,BNA,DFW,1607,1640,967,1000,1551,1635,951.0,995.0,2.0,Domestic,0,75,C27,,2016-05-02 16:40:00,2016-05-02 18:29:00,2016-05-02 16:35:00,2016-05-02 18:04:00,1300,1409,2016-05-02 21:35,2016-05-02 23:04,N9403W,75,825,A13,
AA3456,Y,AEX,DFW,1608,1655,968,1015,1622,1651,982.0,1011.0,3.0,Domestic,0,75,B44,,2016-05-02 16:55:00,2016-05-02 18:05:00,2016-05-02 16:51:00,2016-05-02 18:03:00,1315,1385,2016-05-02 21:51,2016-05-02 23:03,N856AE,0,826,C30,
AA2791,Y,BHM,DFW,1608,1648,968,1008,1558,1646,958.0,1006.0,3.0,Domestic,0,31,B16,,2016-05-02 16:48:00,2016-05-02 18:31:00,2016-05-02 16:46:00,2016-05-02 18:30:00,1308,1411,2016-05-02 21:46,2016-05-02 23:30,N672AE,44,827,A18,
AA2828,N,DFW,LAW,1608,1645,968,1005,1605,1700,965.0,1020.0,3.0,,37,0,,B13,2016-05-02 15:14:00,2016-05-02 16:08:00,2016-05-02 15:08:00,2016-05-02 16:05:00,1214,1268,2016-05-02 20:08,2016-05-02 21:05,N676AE,38,828,,A8
AA2835,N,DFW,JLN,1608,1648,968,1008,1558,1646,958.0,1006.0,3.0,Domestic,43,0,,B16,2016-05-02 14:40:00,2016-05-02 16:08:00,2016-05-02 14:35:00,2016-05-02 15:58:00,1180,1268,2016-05-02 19:35,2016-05-02 20:58,N672AE,32,829,,A18
AA3711,N,DFW,SGF,1608,1655,968,1015,1622,1651,982.0,1011.0,3.0,Domestic,75,0,,B44,2016-05-02 14:40:00,2016-05-02 16:08:00,2016-05-02 14:49:00,2016-05-02 16:22:00,1180,1268,2016-05-02 19:49,2016-05-02 21:22,N856AE,0,830,,C30
AA2797,Y,PNS,DFW,1608,1645,968,1005,1605,1700,965.0,1020.0,3.0,Domestic,0,25,B13,,2016-05-02 16:45:00,2016-05-02 18:32:00,2016-05-02 17:00:00,2016-05-02 18:48:00,1305,1412,2016-05-02 22:00,2016-05-02 23:48,N676AE,50,831,A8,
AA3166,N,DFW,COU,1609,1639,969,999,1841,1639,1121.0,2439.0,3.0,Domestic,75,0,,B14,2016-05-02 14:24:00,2016-05-02 16:09:00,2016-05-02 17:00:00,2016-05-02 18:41:00,1164,1269,2016-05-02 22:00,2016-05-02 23:41,N645AE,0,832,,B25
AA3598,N,DFW,EVV,1609,1639,969,999,1615,1835,975.0,1115.0,3.0,,75,0,,B49,2016-05-02 13:57:00,2016-05-02 16:09:00,2016-05-02 13:53:00,2016-05-02 16:15:00,1137,1269,2016-05-02 18:53,2016-05-02 21:15,N625AE,0,833,,C27
AA340,N,DFW,MCI,1610,1640,970,1000,1613,1810,973.0,1090.0,2.0,Domestic,78,0,,C2,2016-05-02 14:27:00,2016-05-02 16:10:00,2016-05-02 14:22:00,2016-05-02 16:13:00,1167,1270,2016-05-02 19:22,2016-05-02 21:13,N853NN,72,834,,A17
AA2329,Y,ORD,DFW,1610,1740,970,1060,1610,1733,970.0,1053.0,2.0,Domestic,0,137,C14,,2016-05-02 17:40:00,2016-05-02 20:02:00,2016-05-02 17:33:00,2016-05-02 20:23:00,1360,62,2016-05-02 22:33,2016-05-03 01:23,N437AA,13,835,C21,
AA1487,Y,ATL,DFW,1610,1655,970,1015,1555,1710,955.0,1030.0,2.0,Domestic,0,113,C28,,2016-05-02 16:55:00,2016-05-02 20:02:00,2016-05-02 17:10:00,2016-05-02 20:18:00,1315,2,2016-05-02 22:10,2016-05-03 00:18,N479AA,37,836,A34,
AA5671,N,DFW,IAH,1610,1720,970,1040,1601,1719,961.0,1039.0,3.0,,75,0,,B41,2016-05-02 14:50:00,2016-05-02 16:10:00,2016-05-02 14:51:00,2016-05-02 16:01:00,1190,1270,2016-05-02 19:51,2016-05-02 21:01,N918FJ,0,837,,B9
AA1330,N,DFW,ELP,1610,1655,970,1015,1555,1710,955.0,1030.0,2.0,Domestic,90,0,,C28,2016-05-02 13:25:00,2016-05-02 16:10:00,2016-05-02 13:23:00,2016-05-02 15:55:00,1165,1270,2016-05-02 19:23,2016-05-02 20:55,N479AA,60,838,,A34
AA5633,Y,ELP,DFW,1610,1720,970,1040,1601,1719,961.0,1039.0,3.0,Domestic,0,75,B41,,2016-05-02 17:20:00,2016-05-02 18:05:00,2016-05-02 17:19:00,2016-05-02 17:56:00,1340,5,2016-05-02 22:19,2016-05-02 23:56,N918FJ,0,839,B9,
AA1210,N,DFW,MSP,1610,1640,970,1000,1611,1824,971.0,1104.0,2.0,Domestic,105,0,,C24,2016-05-02 13:38:00,2016-05-02 16:10:00,2016-05-02 13:32:00,2016-05-02 16:11:00,1118,1270,2016-05-02 18:32,2016-05-02 21:11,N984TW,45,840,,A28
AA3245,N,DFW,FWA,1614,1644,974,1004,1639,1644,999.0,1004.0,,,0,0,,B14,2016-05-02 14:34:00,2016-05-02 16:14:00,2016-05-02 14:42:00,2016-05-02 16:39:00,1114,1274,2016-05-02 18:42,2016-05-02 21:39,N932AE,0,841,,C37
AA1497,N,DFW,MIA,1614,1720,974,1040,1626,1717,986.0,1037.0,2.0,Domestic,108,0,,A16,2016-05-02 14:00:00,2016-05-02 16:14:00,2016-05-02 14:06:00,2016-05-02 16:26:00,1080,1274,2016-05-02 18:06,2016-05-02 21:26,N151AN,42,842,,C15
AA1214,Y,SAN,DFW,1614,1720,974,1040,1626,1717,986.0,1037.0,2.0,Domestic,0,105,A16,,2016-05-02 17:20:00,2016-05-02 18:30:00,2016-05-02 17:17:00,2016-05-02 18:33:00,1340,90,2016-05-02 22:17,2016-05-03 01:33,N151AN,45,843,C15,
AA1497,Y,RNO,DFW,1615,1725,975,1045,1621,1722,981.0,1042.0,2.0,Domestic,0,107,C21,,2016-05-02 17:25:00,2016-05-02 19:00:00,2016-05-02 17:22:00,2016-05-02 18:47:00,1345,120,2016-05-02 22:22,2016-05-03 01:47,N486AA,43,844,A23,
AA2457,N,DFW,TPA,1615,1725,975,1045,1621,1722,981.0,1042.0,2.0,Domestic,92,0,,C21,2016-05-02 14:26:00,2016-05-02 16:15:00,2016-05-02 14:30:00,2016-05-02 16:21:00,1106,1275,2016-05-02 18:30,2016-05-02 21:21,N486AA,58,845,,A23
AA2758,N,DFW,SPS,1616,1651,976,1011,1605,1648,965.0,1008.0,3.0,Domestic,43,0,,B33,2016-05-02 15:24:00,2016-05-02 16:16:00,2016-05-02 15:14:00,2016-05-02 16:05:00,1224,1276,2016-05-02 20:14,2016-05-02 21:05,N667GB,32,846,,A9
AA2759,Y,SHV,DFW,1616,1651,976,1011,1605,1648,965.0,1008.0,3.0,Domestic,0,35,B33,,2016-05-02 16:51:00,2016-05-02 17:50:00,2016-05-02 16:48:00,2016-05-02 17:52:00,1311,1370,2016-05-02 21:48,2016-05-02 22:52,N667GB,40,847,A9,
AA3147,Y,TYR,DFW,1617,1701,977,1021,1656,1727,1016.0,1047.0,3.0,Domestic,0,75,B23,,2016-05-02 17:01:00,2016-05-02 17:51:00,2016-05-02 17:27:00,2016-05-02 18:10:00,1321,1371,2016-05-02 22:27,2016-05-02 23:10,N648AE,0,848,B29,
AA3439,N,DFW,MOB,1617,1701,977,1021,1656,1727,1016.0,1047.0,3.0,Domestic,75,0,,B7,2016-05-02 14:19:00,2016-05-02 16:17:00,2016-05-02 14:44:00,2016-05-02 16:56:00,1159,1277,2016-05-02 19:44,2016-05-02 21:56,N648AE,0,849,,B29
AA2280,N,DFW,MCO,1618,1648,978,1008,1607,1648,967.0,1008.0,2.0,Domestic,113,0,,A14,2016-05-02 14:20:00,2016-05-02 16:18:00,2016-05-02 14:18:00,2016-05-02 16:07:00,1100,1278,2016-05-02 18:18,2016-05-02 21:07,N184AN,37,850,,C2
AA2826,Y,ACT,DFW,1620,1710,980,1030,1627,1702,987.0,1022.0,3.0,Domestic,0,46,B15,,2016-05-02 17:10:00,2016-05-02 17:54:00,2016-05-02 17:02:00,2016-05-02 17:57:00,1330,1374,2016-05-02 22:02,2016-05-02 22:57,N678AE,29,851,A19,
AA2796,N,DFW,SPI,1620,1710,980,1030,1627,1702,987.0,1022.0,3.0,Domestic,63,0,,B15,2016-05-02 14:11:00,2016-05-02 16:20:00,2016-05-02 13:58:00,2016-05-02 16:27:00,1151,1280,2016-05-02 18:58,2016-05-02 21:27,N678AE,12,852,,A19
AA1812,Y,CLT,DFW,1622,1735,982,1055,1605,1847,965.0,1127.0,2.0,Domestic,0,131,C36,,2016-05-02 17:35:00,2016-05-02 21:08:00,2016-05-02 18:47:00,2016-05-02 22:11:00,1355,68,2016-05-02 23:47,2016-05-03 02:11,N509AY,19,853,A11,
AA891,N,DFW,CLT,1622,1735,982,1055,1800,1847,1080.0,1127.0,2.0,,120,0,,C36,2016-05-02 14:35:00,2016-05-02 16:22:00,2016-05-02 16:16:00,2016-05-02 18:00:00,1115,1282,2016-05-02 20:16,2016-05-02 23:00,N509AY,30,854,,A11
AA5811,N,DFW,JAN,1622,1720,982,1040,1618,1716,978.0,1036.0,3.0,Domestic,75,0,,B28,2016-05-02 14:40:00,2016-05-02 16:22:00,2016-05-02 14:39:00,2016-05-02 16:18:00,1180,1282,2016-05-02 19:39,2016-05-02 21:18,N914FJ,0,855,,B7
AA5851,Y,MTY,DFW,1622,1720,982,1040,1618,1716,978.0,1036.0,3.0,,0,75,B28,,2016-05-02 17:20:00,2016-05-02 19:07:00,2016-05-02 17:16:00,2016-05-02 18:56:00,1340,7,2016-05-02 22:16,2016-05-02 23:56,N914FJ,0,856,B7,
AA5706,N,DFW,BHM,1628,1658,988,1018,1639,2003,999.0,1203.0,3.0,Domestic,75,0,,B46,2016-05-02 14:22:00,2016-05-02 16:28:00,2016-05-02 14:43:00,2016-05-02 16:39:00,1162,1288,2016-05-02 19:43,2016-05-02 21:39,N957LR,0,857,,B5
AA2410,N,DFW,LAX,1630,1755,990,1075,1633,1755,993.0,1075.0,2.0,Domestic,128,0,,A20,2016-05-02 11:25:00,2016-05-02 16:30:00,2016-05-02 11:46:00,2016-05-02 16:33:00,1105,1290,2016-05-02 18:46,2016-05-02 21:33,N118NN,22,858,,C6
AA2477,Y,LAX,DFW,1630,1755,990,1075,1633,1755,993.0,1075.0,2.0,Domestic,0,116,A20,,2016-05-02 17:55:00,2016-05-02 19:17:00,2016-05-02 17:55:00,2016-05-02 19:00:00,1375,137,2016-05-02 22:55,2016-05-03 02:00,N118NN,34,859,C6,
AA3441,Y,ABI,DFW,1633,1701,993,1021,1628,1703,988.0,1023.0,3.0,Domestic,0,75,B26,,2016-05-02 17:01:00,2016-05-02 17:55:00,2016-05-02 17:03:00,2016-05-02 17:54:00,1321,1375,2016-05-02 22:03,2016-05-02 22:54,N644AE,0,860,B6,
AA3283,N,DFW,MLI,1633,1701,993,1021,1628,1703,988.0,1023.0,3.0,Domestic,75,0,,B26,2016-05-02 14:17:00,2016-05-02 16:33:00,2016-05-02 14:07:00,2016-05-02 16:28:00,1157,1293,2016-05-02 19:07,2016-05-02 21:28,N644AE,0,861,,B6
AA1534,N,DFW,MKE,1633,1720,993,1040,1621,1822,981.0,1102.0,2.0,Domestic,124,0,,C15,2016-05-02 13:50:00,2016-05-02 16:33:00,2016-05-02 13:46:00,2016-05-02 16:21:00,1130,1293,2016-05-02 18:46,2016-05-02 21:21,N964TW,26,862,,C12
AA1569,Y,DEN,DFW,1633,1720,993,1040,1621,1822,981.0,1102.0,2.0,Domestic,0,118,C15,,2016-05-02 17:20:00,2016-05-02 18:27:00,2016-05-02 18:22:00,2016-05-02 19:12:00,1340,27,2016-05-02 23:22,2016-05-03 01:12,N964TW,32,863,C12,
AA1386,N,DFW,AUS,1634,1755,994,1075,1626,1750,986.0,1070.0,2.0,,97,0,,C26,2016-05-02 15:27:00,2016-05-02 16:34:00,2016-05-02 15:26:00,2016-05-02 16:26:00,1227,1294,2016-05-02 20:26,2016-05-02 21:26,N9029F,53,864,,C8
AA1413,Y,UIO,DFW,1634,1755,994,1075,1626,1750,986.0,1070.0,2.0,Domestic,0,150,C26,,2016-05-02 17:55:00,2016-05-02 23:38:00,2016-05-02 17:50:00,2016-05-02 23:09:00,1375,278,2016-05-02 22:50,2016-05-03 04:09,N9029F,0,865,C8,
AA1191,N,DFW,BNA,1634,1725,994,1045,1630,1725,990.0,1045.0,2.0,Domestic,105,0,,C8,2016-05-02 14:30:00,2016-05-02 16:34:00,2016-05-02 14:30:00,2016-05-02 16:30:00,1170,1294,2016-05-02 19:30,2016-05-02 21:30,N915NN,45,866,,A15
AA5816,N,DFW,GRR,1634,1725,994,1045,1633,1738,993.0,1058.0,3.0,Domestic,75,0,,B8,2016-05-02 14:41:00,2016-05-02 16:34:00,2016-05-02 14:36:00,2016-05-02 16:33:00,1121,1294,2016-05-02 18:36,2016-05-02 21:33,N947LR,0,867,,C24
AA1220,Y,SEA,DFW,1634,1725,994,1045,1630,1725,990.0,1045.0,2.0,Domestic,0,88,C8,,2016-05-02 17:25:00,2016-05-02 19:41:00,2016-05-02 17:25:00,2016-05-02 19:29:00,1345,161,2016-05-02 22:25,2016-05-03 02:29,N915NN,62,868,A15,
AA5749,Y,TUL,DFW,1634,1725,994,1045,1633,1738,993.0,1058.0,3.0,Domestic,0,75,B8,,2016-05-02 17:25:00,2016-05-02 18:31:00,2016-05-02 17:38:00,2016-05-02 18:30:00,1345,1411,2016-05-02 22:38,2016-05-02 23:30,N947LR,0,869,C24,
AA3655,N,DFW,XNA,1638,1720,998,1040,1641,1718,1001.0,1038.0,3.0,Domestic,75,0,,B42,2016-05-02 15:19:00,2016-05-02 16:38:00,2016-05-02 15:33:00,2016-05-02 16:41:00,1219,1298,2016-05-02 20:33,2016-05-02 21:41,N505AE,0,870,,C26
AA3144,Y,OKC,DFW,1638,1720,998,1040,1641,1718,1001.0,1038.0,3.0,Domestic,0,75,B42,,2016-05-02 17:20:00,2016-05-02 18:21:00,2016-05-02 17:18:00,2016-05-02 18:11:00,1340,1401,2016-05-02 22:18,2016-05-02 23:11,N505AE,0,871,C26,
AA5701,Y,IAH,DFW,1639,1715,999,1035,1647,1838,1007.0,1118.0,3.0,Domestic,0,75,B45,,2016-05-02 17:15:00,2016-05-02 18:29:00,2016-05-02 18:38:00,2016-05-02 19:47:00,1335,1409,2016-05-02 23:38,2016-05-03 00:47,N245LR,0,872,C27,
AA5837,N,DFW,ICT,1639,1715,999,1035,1647,1838,1007.0,1118.0,3.0,Domestic,75,0,,B45,2016-05-02 15:13:00,2016-05-02 16:39:00,2016-05-02 15:29:00,2016-05-02 16:47:00,1213,1299,2016-05-02 20:29,2016-05-02 21:47,N245LR,0,873,,C27
AA2417,N,DFW,SFO,1640,1805,1000,1085,1627,1806,987.0,1086.0,2.0,,126,0,,C4,2016-05-02 11:04:00,2016-05-02 16:40:00,2016-05-02 11:04:00,2016-05-02 16:27:00,1084,1300,2016-05-02 18:04,2016-05-02 21:27,N962AN,24,874,,A13
AA2802,N,DFW,LBB,1640,1710,1000,1030,1633,2024,993.0,1224.0,3.0,Domestic,54,0,,B32,2016-05-02 15:25:00,2016-05-02 16:40:00,2016-05-02 15:38:00,2016-05-02 16:33:00,1225,1300,2016-05-02 20:38,2016-05-02 21:33,N626AE,21,875,,A28
AA1077,Y,SLC,DFW,1640,1805,1000,1085,1627,1806,987.0,1086.0,2.0,Domestic,0,91,C4,,2016-05-02 18:05:00,2016-05-02 19:49:00,2016-05-02 18:06:00,2016-05-02 19:45:00,1385,109,2016-05-02 23:06,2016-05-03 01:45,N962AN,59,876,A13,
AA1483,Y,BOS,DFW,1645,1815,1005,1095,1645,1810,1005.0,1090.0,2.0,Domestic,0,104,C2,,2016-05-02 18:15:00,2016-05-02 22:52:00,2016-05-02 18:10:00,2016-05-02 22:19:00,1395,172,2016-05-02 23:10,2016-05-03 02:19,N853NN,46,877,A22,
AA544,N,DFW,PHX,1646,1745,1006,1065,1656,1746,1016.0,1066.0,2.0,Domestic,129,0,,C31,2016-05-02 12:25:00,2016-05-02 16:46:00,2016-05-02 12:26:00,2016-05-02 16:56:00,1165,1306,2016-05-02 19:26,2016-05-02 21:56,N207UW,21,878,,C11
AA544,Y,PHX,DFW,1646,1745,1006,1065,1656,1746,1016.0,1066.0,2.0,Domestic,0,121,C31,,2016-05-02 17:45:00,2016-05-02 18:20:00,2016-05-02 17:46:00,2016-05-02 18:27:00,1365,80,2016-05-02 22:46,2016-05-03 01:27,N207UW,29,879,C11,
AA3660,Y,CMI,DFW,1650,1820,1010,1100,1650,1815,1010.0,1095.0,3.0,Domestic,0,75,B35,,2016-05-02 18:20:00,2016-05-02 20:19:00,2016-05-02 18:15:00,2016-05-02 20:01:00,1400,79,2016-05-02 23:15,2016-05-03 01:01,N693AE,0,880,C19,
AA1276,N,DFW,RSW,1655,1810,1015,1090,1702,1806,1022.0,1086.0,2.0,Domestic,75,0,,A10,2016-05-02 14:56:00,2016-05-02 16:55:00,2016-05-02 14:52:00,2016-05-02 17:02:00,1136,1315,2016-05-02 18:52,2016-05-02 22:02,N937AN,75,881,,A25
AA3228,Y,BMI,DFW,1655,1825,1015,1105,1655,1823,1015.0,1103.0,3.0,Domestic,0,75,B39,,2016-05-02 18:25:00,2016-05-02 20:22:00,2016-05-02 18:23:00,2016-05-02 20:15:00,1405,82,2016-05-02 23:23,2016-05-03 01:15,N656AE,0,882,C20,
AA2331,N,DFW,ORD,1655,1755,1015,1075,1644,1751,1004.0,1071.0,2.0,,131,0,,C16,2016-05-02 14:23:00,2016-05-02 16:55:00,2016-05-02 14:13:00,2016-05-02 16:44:00,1163,1315,2016-05-02 19:13,2016-05-02 21:44,N968TW,19,883,,A14
AA2482,Y,AUS,DFW,1655,1810,1015,1090,1702,1806,1022.0,1086.0,2.0,Domestic,0,88,A10,,2016-05-02 18:10:00,2016-05-02 19:09:00,2016-05-02 18:06:00,2016-05-02 19:07:00,1390,9,2016-05-02 23:06,2016-05-03 00:07,N937AN,62,884,A25,
AA2385,Y,SAT,DFW,1655,1755,1015,1075,1644,1751,1004.0,1071.0,2.0,Domestic,0,99,C16,,2016-05-02 17:55:00,2016-05-02 19:01:00,2016-05-02 17:51:00,2016-05-02 18:52:00,1375,1,2016-05-02 22:51,2016-05-02 23:52,N968TW,51,885,A14,
AA2368,Y,IAH,DFW,1658,1820,1018,1100,1651,1816,1011.0,1096.0,2.0,Domestic,0,105,C29,,2016-05-02 18:20:00,2016-05-02 19:31:00,2016-05-02 18:16:00,2016-05-02 19:27:00,1400,31,2016-05-02 23:16,2016-05-03 00:27,N8027D,45,886,A24,
AA1251,N,DFW,SDF,1658,1820,1018,1100,1651,1816,1011.0,1096.0,2.0,Domestic,102,0,,C29,2016-05-02 15:35:00,2016-05-02 16:58:00,2016-05-02 15:32:00,2016-05-02 16:51:00,1175,1318,2016-05-02 19:32,2016-05-02 21:51,N8027D,48,887,,A24
AA2333,Y,ORF,DFW,1700,1830,1020,1110,1700,1824,1020.0,1104.0,2.0,Domestic,0,70,C24,,2016-05-02 18:30:00,2016-05-02 22:27:00,2016-05-02 18:24:00,2016-05-02 22:09:00,1410,147,2016-05-02 23:24,2016-05-03 02:09,N984TW,80,888,C17,
AA2462,N,DFW,LAX,1704,1734,1024,1054,1714,1905,1034.0,1145.0,2.0,,124,0,,A22,2016-05-02 11:59:00,2016-05-02 17:04:00,2016-05-02 12:09:00,2016-05-02 17:14:00,1139,1324,2016-05-02 19:09,2016-05-02 22:14,N991AN,26,889,,C4
AA5657,N,DFW,GDL,1708,1840,1028,1120,1707,1840,1027.0,1120.0,,,0,0,,B3,2016-05-02 14:30:00,2016-05-02 17:08:00,2016-05-02 14:30:00,2016-05-02 17:07:00,1170,1328,2016-05-02 19:30,2016-05-02 22:07,N944LR,0,890,,C37
AA5624,Y,GDL,DFW,1708,1840,1028,1120,1707,1840,1027.0,1120.0,,,0,0,B3,,2016-05-02 18:40:00,2016-05-02 21:23:00,2016-05-02 18:40:00,2016-05-02 21:17:00,1420,143,2016-05-02 23:40,2016-05-03 02:17,N944LR,0,891,C37,
AA5813,Y,MAF,DFW,1710,1840,1030,1120,1710,1842,1030.0,1122.0,3.0,Domestic,0,75,B43,,2016-05-02 18:40:00,2016-05-02 19:59:00,2016-05-02 18:42:00,2016-05-02 20:04:00,1420,59,2016-05-02 23:42,2016-05-03 01:04,N329MS,0,892,C33,
AA3279,Y,SGF,DFW,1710,1840,1030,1120,1710,1835,1030.0,1115.0,3.0,Domestic,0,75,B49,,2016-05-02 18:40:00,2016-05-02 20:01:00,2016-05-02 18:35:00,2016-05-02 19:55:00,1420,61,2016-05-02 23:35,2016-05-03 00:55,N625AE,0,893,C35,
AA5765,Y,BJX,DFW,1710,1840,1030,1120,1710,1837,1030.0,1117.0,,,0,0,B4,,2016-05-02 18:40:00,2016-05-02 21:04:00,2016-05-02 18:37:00,2016-05-02 21:01:00,1420,124,2016-05-02 23:37,2016-05-03 02:01,N926LR,0,894,C36,
AA2235,Y,DCA,DFW,1712,1850,1032,1130,1711,1901,1031.0,1141.0,2.0,Domestic,0,77,A9,,2016-05-02 18:50:00,2016-05-02 22:47:00,2016-05-02 19:01:00,2016-05-02 22:55:00,1430,167,2016-05-03 00:01,2016-05-03 02:55,N854NN,73,895,B6,
AA357,N,DFW,SAT,1712,1850,1032,1130,1711,1901,1031.0,1141.0,2.0,Domestic,77,0,,A9,2016-05-02 15:58:00,2016-05-02 17:12:00,2016-05-02 15:56:00,2016-05-02 17:11:00,1258,1332,2016-05-02 20:56,2016-05-02 22:11,N854NN,73,896,,B6
AA5873,Y,SDF,DFW,1717,1840,1037,1120,1704,1836,1024.0,1116.0,3.0,Domestic,0,75,B25,,2016-05-02 18:40:00,2016-05-02 21:44:00,2016-05-02 18:36:00,2016-05-02 21:31:00,1420,104,2016-05-02 23:36,2016-05-03 01:31,N929LR,0,897,C28,
AA5833,N,DFW,OKC,1717,1840,1037,1120,1704,1836,1024.0,1116.0,3.0,,75,0,,B25,2016-05-02 16:12:00,2016-05-02 17:17:00,2016-05-02 16:05:00,2016-05-02 17:04:00,1272,1337,2016-05-02 21:05,2016-05-02 22:04,N929LR,0,898,,C28
AA606,Y,PHX,DFW,1719,1845,1039,1125,1733,1854,1053.0,1134.0,2.0,Domestic,0,94,C37,,2016-05-02 18:45:00,2016-05-02 19:26:00,2016-05-02 18:54:00,2016-05-02 19:25:00,1425,146,2016-05-02 23:54,2016-05-03 02:25,N154UW,56,899,C14,
AA748,N,DFW,MCO,1719,1845,1039,1125,1733,1854,1053.0,1134.0,2.0,Domestic,111,0,,C37,2016-05-02 15:25:00,2016-05-02 17:19:00,2016-05-02 15:19:00,2016-05-02 17:33:00,1165,1339,2016-05-02 19:19,2016-05-02 22:33,N154UW,39,900,,C14
AA1426,N,DFW,PIT,1720,1820,1040,1100,1715,1817,1035.0,1097.0,2.0,Domestic,103,0,,C22,2016-05-02 15:13:00,2016-05-02 17:20:00,2016-05-02 15:13:00,2016-05-02 17:15:00,1153,1340,2016-05-02 19:13,2016-05-02 22:15,N426AA,47,901,,A28
AA1207,Y,RDU,DFW,1720,1820,1040,1100,1715,1817,1035.0,1097.0,2.0,Domestic,0,86,C22,,2016-05-02 18:20:00,2016-05-02 22:00:00,2016-05-02 18:17:00,2016-05-02 21:52:00,1400,120,2016-05-02 23:17,2016-05-03 01:52,N426AA,64,902,A28,
AA1369,N,DFW,SJC,1721,1751,1041,1071,1704,1755,1024.0,1075.0,2.0,,76,0,,A13,2016-05-02 11:45:00,2016-05-02 17:21:00,2016-05-02 11:45:00,2016-05-02 17:04:00,1125,1341,2016-05-02 18:45,2016-05-02 22:04,N887NN,74,903,,C26
AA351,N,DFW,IAH,1724,1754,1044,1074,1726,1754,1046.0,1074.0,2.0,Domestic,95,0,,A18,2016-05-02 16:04:00,2016-05-02 17:24:00,2016-05-02 16:13:00,2016-05-02 17:26:00,1264,1344,2016-05-02 21:13,2016-05-02 22:26,N831NN,55,904,,A16
AA2371,Y,STL,DFW,1725,1820,1045,1100,1704,1815,1024.0,1095.0,2.0,Domestic,0,115,C20,,2016-05-02 18:20:00,2016-05-02 20:00:00,2016-05-02 18:15:00,2016-05-02 19:38:00,1400,60,2016-05-02 23:15,2016-05-03 00:38,N70425,35,905,A35,
AA2511,N,DFW,ABQ,1725,1820,1045,1100,1705,1816,1025.0,1096.0,2.0,Domestic,71,0,,C12,2016-05-02 14:39:00,2016-05-02 17:25:00,2016-05-02 14:32:00,2016-05-02 17:05:00,1239,1345,2016-05-02 20:32,2016-05-02 22:05,N477AA,79,906,,A37
AA2502,Y,SNA,DFW,1725,1850,1045,1130,1657,1847,1017.0,1127.0,2.0,Domestic,0,61,A21,,2016-05-02 18:50:00,2016-05-02 20:08:00,2016-05-02 18:47:00,2016-05-02 20:11:00,1430,188,2016-05-02 23:47,2016-05-03 03:11,N839NN,89,907,C15,
AA2376,Y,MSY,DFW,1725,1820,1045,1100,1705,1816,1025.0,1096.0,2.0,Domestic,0,75,C12,,2016-05-02 18:20:00,2016-05-02 19:46:00,2016-05-02 18:16:00,2016-05-02 19:31:00,1400,46,2016-05-02 23:16,2016-05-03 00:31,N477AA,75,908,A37,
AA3688,Y,XNA,DFW,1725,1855,1045,1135,1725,1858,1045.0,1138.0,3.0,Domestic,0,75,B6,,2016-05-02 18:55:00,2016-05-02 20:08:00,2016-05-02 18:58:00,2016-05-02 20:08:00,1435,68,2016-05-02 23:58,2016-05-03 01:08,N227NN,0,909,B31,
AA2228,N,DFW,SMF,1725,1850,1045,1130,1657,1847,1017.0,1127.0,2.0,Domestic,75,0,,A21,2016-05-02 11:55:00,2016-05-02 17:25:00,2016-05-02 11:53:00,2016-05-02 16:57:00,1135,1345,2016-05-02 18:53,2016-05-02 21:57,N839NN,75,910,,C15
AA1035,N,DFW,RNO,1725,1820,1045,1100,1704,1815,1024.0,1095.0,2.0,,62,0,,C20,2016-05-02 12:06:00,2016-05-02 17:25:00,2016-05-02 11:58:00,2016-05-02 17:04:00,1146,1345,2016-05-02 18:58,2016-05-02 22:04,N70425,88,911,,A35
AA2346,N,DFW,ORD,1725,1820,1045,1100,1721,1818,1041.0,1098.0,2.0,,132,0,,C19,2016-05-02 14:56:00,2016-05-02 17:25:00,2016-05-02 14:54:00,2016-05-02 17:21:00,1196,1345,2016-05-02 19:54,2016-05-02 22:21,N961TW,18,912,,A15
AA1381,Y,CMH,DFW,1725,1820,1045,1100,1721,1818,1041.0,1098.0,2.0,Domestic,0,104,C19,,2016-05-02 18:20:00,2016-05-02 21:42:00,2016-05-02 18:18:00,2016-05-02 21:27:00,1400,102,2016-05-02 23:18,2016-05-03 01:27,N961TW,46,913,A15,
AA2195,N,DFW,TUS,1725,1825,1045,1105,1747,1831,1067.0,1111.0,2.0,Domestic,64,0,,C8,2016-05-02 13:10:00,2016-05-02 17:25:00,2016-05-02 13:42:00,2016-05-02 17:47:00,1210,1345,2016-05-02 20:42,2016-05-02 22:47,N9620D,86,914,,A36
AA1459,Y,MCI,DFW,1725,1825,1045,1105,1747,1831,1067.0,1111.0,2.0,Domestic,0,106,C8,,2016-05-02 18:25:00,2016-05-02 19:59:00,2016-05-02 18:31:00,2016-05-02 19:57:00,1405,59,2016-05-02 23:31,2016-05-03 00:57,N9620D,44,915,A36,
AA2343,Y,PHL,DFW,1726,1855,1046,1135,1747,1851,1067.0,1131.0,2.0,Domestic,0,105,A36,,2016-05-02 18:55:00,2016-05-02 23:13:00,2016-05-02 18:51:00,2016-05-02 22:46:00,1435,193,2016-05-02 23:51,2016-05-03 02:46,N955AN,45,916,A21,
AA43,N,DFW,DTW,1726,1835,1046,1115,1745,1835,1065.0,1115.0,2.0,Domestic,112,0,,A15,2016-05-02 15:25:00,2016-05-02 17:26:00,2016-05-02 15:34:00,2016-05-02 17:45:00,1165,1346,2016-05-02 19:34,2016-05-02 22:45,N987NN,38,917,,A18
AA1485,Y,SMF,DFW,1726,1835,1046,1115,1745,1835,1065.0,1115.0,2.0,Domestic,0,72,A15,,2016-05-02 18:35:00,2016-05-02 20:19:00,2016-05-02 18:35:00,2016-05-02 20:15:00,1415,199,2016-05-02 23:35,2016-05-03 03:15,N987NN,78,918,A18,
AA1523,N,DFW,FLL,1726,1855,1046,1135,1747,1851,1067.0,1131.0,2.0,Domestic,87,0,,A36,2016-05-02 15:06:00,2016-05-02 17:26:00,2016-05-02 15:25:00,2016-05-02 17:47:00,1146,1346,2016-05-02 19:25,2016-05-02 22:47,N955AN,63,919,,A21
AA5626,N,DFW,LIT,1729,1830,1049,1110,1715,1827,1035.0,1107.0,3.0,Domestic,75,0,,B40,2016-05-02 16:06:00,2016-05-02 17:29:00,2016-05-02 16:01:00,2016-05-02 17:15:00,1266,1349,2016-05-02 21:01,2016-05-02 22:15,N956LR,0,920,,B40
AA3310,N,DFW,SJT,1729,1820,1049,1100,1719,1820,1039.0,1100.0,3.0,Domestic,75,0,,B33,2016-05-02 16:23:00,2016-05-02 17:29:00,2016-05-02 16:22:00,2016-05-02 17:19:00,1283,1349,2016-05-02 21:22,2016-05-02 22:19,N600BP,0,921,,C29
AA5640,Y,ICT,DFW,1729,1830,1049,1110,1715,1827,1035.0,1107.0,3.0,Domestic,0,75,B40,,2016-05-02 18:30:00,2016-05-02 19:47:00,2016-05-02 18:27:00,2016-05-02 19:35:00,1410,47,2016-05-02 23:27,2016-05-03 00:35,N956LR,0,922,B40,
AA3647,Y,ABI,DFW,1729,1820,1049,1100,1719,1820,1039.0,1100.0,3.0,Domestic,0,75,B33,,2016-05-02 18:20:00,2016-05-02 19:13:00,2016-05-02 18:20:00,2016-05-02 19:09:00,1400,13,2016-05-02 23:20,2016-05-03 00:09,N600BP,0,923,C29,
AA999,N,DFW,CLE,1730,1825,1050,1105,1742,1820,1062.0,1100.0,2.0,Domestic,110,0,,C7,2016-05-02 15:30:00,2016-05-02 17:30:00,2016-05-02 15:27:00,2016-05-02 17:42:00,1170,1350,2016-05-02 19:27,2016-05-02 22:42,N9626F,40,924,,A19
AA2304,Y,IND,DFW,1730,1825,1050,1105,1742,1820,1062.0,1100.0,2.0,Domestic,0,99,C7,,2016-05-02 18:25:00,2016-05-02 21:30:00,2016-05-02 18:20:00,2016-05-02 21:10:00,1405,90,2016-05-02 23:20,2016-05-03 01:10,N9626F,51,925,A19,
AA1605,Y,ONT,DFW,1730,1900,1050,1140,1730,1858,1050.0,1138.0,2.0,Domestic,0,72,A16,,2016-05-02 19:00:00,2016-05-02 20:13:00,2016-05-02 18:58:00,2016-05-02 20:07:00,0,193,2016-05-02 23:58,2016-05-03 03:07,N925NN,78,926,A38,
AA5785,Y,PNS,DFW,1731,1812,1051,1092,1722,1810,1042.0,1090.0,3.0,Domestic,0,75,B47,,2016-05-02 18:12:00,2016-05-02 19:58:00,2016-05-02 18:10:00,2016-05-02 19:59:00,1392,58,2016-05-02 23:10,2016-05-03 00:59,N954LR,0,927,B7,
AA5740,N,DFW,MFE,1731,1812,1051,1092,1722,1810,1042.0,1090.0,3.0,Domestic,75,0,,B47,2016-05-02 15:50:00,2016-05-02 17:31:00,2016-05-02 15:53:00,2016-05-02 17:22:00,1250,1351,2016-05-02 20:53,2016-05-02 22:22,N954LR,0,928,,B7
AA3371,N,DFW,CLL,1731,1825,1051,1105,1712,1822,1032.0,1102.0,3.0,Domestic,75,0,,B13,2016-05-02 16:28:00,2016-05-02 17:31:00,2016-05-02 16:18:00,2016-05-02 17:12:00,1288,1351,2016-05-02 21:18,2016-05-02 22:12,N608LM,0,929,,C30
AA3221,Y,BHM,DFW,1731,1825,1051,1105,1712,1822,1032.0,1102.0,3.0,Domestic,0,75,B13,,2016-05-02 18:25:00,2016-05-02 20:13:00,2016-05-02 18:22:00,2016-05-02 20:03:00,1405,73,2016-05-02 23:22,2016-05-03 01:03,N608LM,0,930,C30,
AA2489,Y,LAX,DFW,1735,1840,1055,1120,1721,1837,1041.0,1117.0,2.0,Domestic,0,103,A28,,2016-05-02 18:40:00,2016-05-02 20:08:00,2016-05-02 18:37:00,2016-05-02 20:08:00,1420,188,2016-05-02 23:37,2016-05-03 03:08,N122NN,47,931,A33,
AA81,Y,TUS,DFW,1735,1855,1055,1135,1728,1848,1048.0,1128.0,2.0,Domestic,0,81,C10,,2016-05-02 18:55:00,2016-05-02 19:22:00,2016-05-02 18:48:00,2016-05-02 19:12:00,1435,142,2016-05-02 23:48,2016-05-03 02:12,N485AA,69,932,A9,
AA2207,N,DFW,SFO,1735,1840,1055,1120,1721,1837,1041.0,1117.0,2.0,Domestic,89,0,,A28,2016-05-02 12:00:00,2016-05-02 17:35:00,2016-05-02 11:56:00,2016-05-02 17:21:00,1140,1355,2016-05-02 18:56,2016-05-02 22:21,N122NN,61,933,,A33
AA1129,N,DFW,IND,1735,1855,1055,1135,1728,1848,1048.0,1128.0,2.0,Domestic,75,0,,C10,2016-05-02 16:10:00,2016-05-02 17:35:00,2016-05-02 16:01:00,2016-05-02 17:28:00,1210,1355,2016-05-02 20:01,2016-05-02 22:28,N485AA,75,934,,A9
AA294,N,DFW,ORF,1738,1855,1058,1135,1735,1849,1055.0,1129.0,2.0,Domestic,66,0,,C17,2016-05-02 15:09:00,2016-05-02 17:38:00,2016-05-02 15:04:00,2016-05-02 17:35:00,1149,1358,2016-05-02 19:04,2016-05-02 22:35,N501AA,84,935,,A8
AA1278,N,DFW,SNA,1738,1820,1058,1100,1725,1820,1045.0,1100.0,2.0,Domestic,77,0,,A24,2016-05-02 12:42:00,2016-05-02 17:38:00,2016-05-02 12:40:00,2016-05-02 17:25:00,1182,1358,2016-05-02 19:40,2016-05-02 22:25,N814NN,73,936,,A11
AA2408,Y,ATL,DFW,1738,1820,1058,1100,1725,1820,1045.0,1100.0,2.0,Domestic,0,108,A24,,2016-05-02 18:20:00,2016-05-02 21:26:00,2016-05-02 18:20:00,2016-05-02 21:22:00,1400,86,2016-05-02 23:20,2016-05-03 01:22,N814NN,42,937,A11,
AA5731,N,DFW,FSD,1738,1820,1058,1100,1722,1816,1042.0,1096.0,3.0,Domestic,75,0,,B27,2016-05-02 15:20:00,2016-05-02 17:38:00,2016-05-02 15:12:00,2016-05-02 17:22:00,1220,1358,2016-05-02 20:12,2016-05-02 22:22,N246LR,0,938,,C22
AA5726,Y,GRK,DFW,1738,1820,1058,1100,1722,1816,1042.0,1096.0,3.0,Domestic,0,75,B27,,2016-05-02 18:20:00,2016-05-02 19:13:00,2016-05-02 18:16:00,2016-05-02 19:08:00,1400,13,2016-05-02 23:16,2016-05-03 00:08,N246LR,0,939,C22,
AA5795,N,DFW,AMA,1738,1820,1058,1100,1727,1942,1047.0,1182.0,3.0,Domestic,75,0,,B29,2016-05-02 16:19:00,2016-05-02 17:38:00,2016-05-02 16:15:00,2016-05-02 17:27:00,1279,1358,2016-05-02 21:15,2016-05-02 22:27,N902FJ,0,940,,C31
AA2441,Y,OKC,DFW,1738,1855,1058,1135,1735,1849,1055.0,1129.0,2.0,Domestic,0,49,C17,,2016-05-02 18:55:00,2016-05-02 19:58:00,2016-05-02 18:49:00,2016-05-02 19:45:00,1435,58,2016-05-02 23:49,2016-05-03 00:45,N501AA,101,941,A8,
AA3614,N,DFW,TLH,1738,1835,1058,1115,1749,1831,1069.0,1111.0,3.0,Domestic,75,0,,B12,2016-05-02 16:07:00,2016-05-02 17:38:00,2016-05-02 16:35:00,2016-05-02 17:49:00,1207,1358,2016-05-02 20:35,2016-05-02 22:49,N228NN,0,942,,B27
AA3565,N,DFW,RAP,1738,1845,1058,1125,1725,1834,1045.0,1114.0,3.0,Domestic,75,0,,B15,2016-05-02 14:10:00,2016-05-02 17:38:00,2016-05-02 14:08:00,2016-05-02 17:25:00,1210,1358,2016-05-02 20:08,2016-05-02 22:25,N905JH,0,943,,B43
AA3615,Y,TLH,DFW,1738,1835,1058,1115,1749,1831,1069.0,1111.0,3.0,Domestic,0,75,B12,,2016-05-02 18:35:00,2016-05-02 21:43:00,2016-05-02 18:31:00,2016-05-02 21:29:00,1415,103,2016-05-02 23:31,2016-05-03 01:29,N228NN,0,944,B27,
AA3218,Y,RAP,DFW,1738,1845,1058,1125,1725,1834,1045.0,1114.0,3.0,Domestic,0,75,B15,,2016-05-02 18:45:00,2016-05-02 20:08:00,2016-05-02 18:34:00,2016-05-02 20:05:00,1425,128,2016-05-02 23:34,2016-05-03 02:05,N905JH,0,945,B43,
AA5632,Y,CAE,DFW,1738,1820,1058,1100,1727,1942,1047.0,1182.0,3.0,Domestic,0,75,B29,,2016-05-02 18:20:00,2016-05-02 21:43:00,2016-05-02 19:42:00,2016-05-02 22:58:00,1400,103,2016-05-03 00:42,2016-05-03 02:58,N902FJ,0,946,C31,
AA2248,N,DFW,BWI,1739,1850,1059,1130,1735,1853,1055.0,1133.0,2.0,Domestic,94,0,,C21,2016-05-02 15:05:00,2016-05-02 17:39:00,2016-05-02 15:12:00,2016-05-02 17:35:00,1145,1359,2016-05-02 19:12,2016-05-02 22:35,N473AA,56,947,,C10
AA2831,N,DFW,GRK,1739,1809,1059,1089,1734,1809,1054.0,1089.0,3.0,,52,0,,B31,2016-05-02 16:41:00,2016-05-02 17:39:00,2016-05-02 16:36:00,2016-05-02 17:34:00,1301,1359,2016-05-02 21:36,2016-05-02 22:34,N675AE,23,948,,C4
AA1206,Y,MSP,DFW,1739,1850,1059,1130,1735,1853,1055.0,1133.0,2.0,Domestic,0,109,C21,,2016-05-02 18:50:00,2016-05-02 21:13:00,2016-05-02 18:53:00,2016-05-02 21:08:00,1430,133,2016-05-02 23:53,2016-05-03 02:08,N473AA,41,949,C10,
AA748,Y,LAS,DFW,1739,1845,1059,1125,1758,1906,1078.0,1146.0,2.0,Domestic,0,94,C33,,2016-05-02 18:45:00,2016-05-02 19:46:00,2016-05-02 19:06:00,2016-05-02 20:07:00,1425,166,2016-05-03 00:06,2016-05-03 03:07,N585UW,56,950,A34,
AA606,N,DFW,SAN,1739,1845,1059,1125,1758,1906,1078.0,1146.0,2.0,Domestic,75,0,,C33,2016-05-02 12:45:00,2016-05-02 17:39:00,2016-05-02 12:51:00,2016-05-02 17:58:00,1185,1359,2016-05-02 19:51,2016-05-02 22:58,N585UW,75,951,,A34
AA2568,Y,ABQ,DFW,1740,1910,1060,1150,1714,1905,1034.0,1145.0,2.0,Domestic,0,94,A22,,2016-05-02 19:10:00,2016-05-02 20:00:00,2016-05-02 19:05:00,2016-05-02 19:53:00,10,120,2016-05-03 00:05,2016-05-03 01:53,N991AN,56,952,B14,
AA1184,N,DFW,DEN,1740,1855,1060,1135,1717,1852,1037.0,1132.0,2.0,Domestic,121,0,,C27,2016-05-02 14:34:00,2016-05-02 17:40:00,2016-05-02 14:29:00,2016-05-02 17:17:00,1234,1360,2016-05-02 20:29,2016-05-02 22:17,N564AA,29,953,,C12
AA1609,Y,SEA,DFW,1740,1845,1060,1125,1745,1845,1065.0,1125.0,2.0,Domestic,0,87,A11,,2016-05-02 18:45:00,2016-05-02 21:02:00,2016-05-02 18:45:00,2016-05-02 20:55:00,1425,242,2016-05-02 23:45,2016-05-03 03:55,N138AN,63,954,C7,
AA1605,N,DFW,MIA,1740,1845,1060,1125,1745,1845,1065.0,1125.0,2.0,Domestic,92,0,,A11,2016-05-02 15:24:00,2016-05-02 17:40:00,2016-05-02 15:20:00,2016-05-02 17:45:00,1164,1360,2016-05-02 19:20,2016-05-02 22:45,N138AN,58,955,,C7
AA5790,N,DFW,CRP,1740,1810,1060,1090,1716,1810,1036.0,1090.0,3.0,Domestic,75,0,,B26,2016-05-02 16:08:00,2016-05-02 17:40:00,2016-05-02 16:04:00,2016-05-02 17:16:00,1268,1360,2016-05-02 21:04,2016-05-02 22:16,N919FJ,0,956,,C27
AA1547,N,DFW,LAS,1740,1845,1060,1125,1737,1843,1057.0,1123.0,2.0,,102,0,,A14,2016-05-02 12:54:00,2016-05-02 17:40:00,2016-05-02 12:51:00,2016-05-02 17:37:00,1194,1360,2016-05-02 19:51,2016-05-02 22:37,N158AN,48,957,,A20
AA78,N,DFW,SLC,1740,1810,1060,1090,1712,1810,1032.0,1090.0,2.0,,83,0,,C11,2016-05-02 13:52:00,2016-05-02 17:40:00,2016-05-02 13:40:00,2016-05-02 17:12:00,1192,1360,2016-05-02 19:40,2016-05-02 22:12,N9617R,67,958,,A17
AA1008,Y,IAD,DFW,1740,1855,1060,1135,1717,1852,1037.0,1132.0,2.0,Domestic,0,106,C27,,2016-05-02 18:55:00,2016-05-02 22:50:00,2016-05-02 18:52:00,2016-05-02 22:39:00,1435,170,2016-05-02 23:52,2016-05-03 02:39,N564AA,44,959,C12,
AA1393,Y,SFO,DFW,1740,1845,1060,1125,1737,1843,1057.0,1123.0,2.0,Domestic,0,94,A14,,2016-05-02 18:45:00,2016-05-02 20:37:00,2016-05-02 18:43:00,2016-05-02 20:23:00,1425,217,2016-05-02 23:43,2016-05-03 03:23,N158AN,56,960,A20,
AA1247,Y,LBB,DFW,1741,1835,1061,1115,1810,1856,1090.0,1136.0,2.0,Domestic,0,96,C28,,2016-05-02 18:35:00,2016-05-02 19:50:00,2016-05-02 18:56:00,2016-05-02 20:05:00,1415,50,2016-05-02 23:56,2016-05-03 01:05,N481AA,54,961,A29,
AA1052,N,DFW,RDU,1741,1835,1061,1115,1810,1856,1090.0,1136.0,2.0,,92,0,,C28,2016-05-02 15:37:00,2016-05-02 17:41:00,2016-05-02 15:56:00,2016-05-02 18:10:00,1177,1361,2016-05-02 19:56,2016-05-02 23:10,N481AA,58,962,,A29
AA2822,N,DFW,ACT,1742,1850,1062,1130,1750,1842,1070.0,1122.0,3.0,Domestic,48,0,,B16,2016-05-02 16:50:00,2016-05-02 17:42:00,2016-05-02 17:05:00,2016-05-02 17:50:00,1310,1362,2016-05-02 22:05,2016-05-02 22:50,N624AE,27,963,,C16
AA2829,Y,SHV,DFW,1742,1850,1062,1130,1750,1842,1070.0,1122.0,3.0,Domestic,0,56,B16,,2016-05-02 18:50:00,2016-05-02 19:50:00,2016-05-02 18:42:00,2016-05-02 19:39:00,1430,50,2016-05-02 23:42,2016-05-03 00:39,N624AE,19,964,C16,
AA5762,Y,JAN,DFW,1745,1830,1065,1110,1725,1825,1045.0,1105.0,3.0,Domestic,0,75,B28,,2016-05-02 18:30:00,2016-05-02 19:56:00,2016-05-02 18:25:00,2016-05-02 19:50:00,1410,56,2016-05-02 23:25,2016-05-03 00:50,N921FJ,0,965,B12,
AA5700,N,DFW,ELP,1745,1830,1065,1110,1725,1825,1045.0,1105.0,3.0,,75,0,,B28,2016-05-02 14:56:00,2016-05-02 17:45:00,2016-05-02 14:52:00,2016-05-02 17:25:00,1256,1365,2016-05-02 20:52,2016-05-02 22:25,N921FJ,0,966,,B12
AA3405,N,DFW,HOU,1745,1815,1065,1095,1736,1815,1056.0,1095.0,3.0,,75,0,,B9,2016-05-02 16:29:00,2016-05-02 17:45:00,2016-05-02 16:28:00,2016-05-02 17:36:00,1289,1365,2016-05-02 21:28,2016-05-02 22:36,N225NN,0,967,,B25
AA3679,Y,CRP,DFW,1745,1900,1065,1140,1746,1856,1066.0,1136.0,3.0,Domestic,0,75,B11,,2016-05-02 19:00:00,2016-05-02 20:25:00,2016-05-02 18:56:00,2016-05-02 20:25:00,0,85,2016-05-02 23:56,2016-05-03 01:25,N224NN,0,968,B29,
AA3577,N,DFW,SAV,1745,1900,1065,1140,1746,1856,1066.0,1136.0,3.0,Domestic,75,0,,B11,2016-05-02 15:50:00,2016-05-02 17:45:00,2016-05-02 15:48:00,2016-05-02 17:46:00,1190,1365,2016-05-02 19:48,2016-05-02 22:46,N224NN,0,969,,B29
AA3665,Y,FAR,DFW,1746,1825,1066,1105,1743,1821,1063.0,1101.0,3.0,Domestic,0,75,B30,,2016-05-02 18:25:00,2016-05-02 21:00:00,2016-05-02 18:21:00,2016-05-02 20:55:00,1405,120,2016-05-02 23:21,2016-05-03 01:55,N939AE,0,970,B11,
AA3545,N,DFW,LFT,1746,1825,1066,1105,1743,1821,1063.0,1101.0,3.0,Domestic,75,0,,B30,2016-05-02 16:14:00,2016-05-02 17:46:00,2016-05-02 16:10:00,2016-05-02 17:43:00,1274,1366,2016-05-02 21:10,2016-05-02 22:43,N939AE,0,971,,B11
AA3228,N,DFW,GCK,1748,1840,1068,1120,1731,1836,1051.0,1116.0,3.0,Domestic,75,0,,B33,2016-05-02 16:21:00,2016-05-02 17:48:00,2016-05-02 16:05:00,2016-05-02 17:31:00,1281,1368,2016-05-02 21:05,2016-05-02 22:31,N657AE,0,972,,C21
AA550,Y,CLT,DFW,1748,1855,1068,1135,1741,1851,1061.0,1131.0,2.0,Domestic,0,125,C39,,2016-05-02 18:55:00,2016-05-02 22:31:00,2016-05-02 18:51:00,2016-05-02 22:10:00,1435,151,2016-05-02 23:51,2016-05-03 02:10,N173US,25,973,A10,
AA550,N,DFW,PHX,1748,1855,1068,1135,1741,1851,1061.0,1131.0,2.0,Domestic,116,0,,C39,2016-05-02 13:30:00,2016-05-02 17:48:00,2016-05-02 13:32:00,2016-05-02 17:41:00,1230,1368,2016-05-02 20:32,2016-05-02 22:41,N173US,34,974,,A10
AA3308,Y,GJT,DFW,1748,1840,1068,1120,1731,1836,1051.0,1116.0,3.0,Domestic,0,75,B33,,2016-05-02 18:40:00,2016-05-02 20:00:00,2016-05-02 18:36:00,2016-05-02 19:49:00,1420,120,2016-05-02 23:36,2016-05-03 01:49,N657AE,0,975,C21,
AA3285,N,DFW,BMI,1748,1818,1068,1098,1757,2001,1077.0,1201.0,3.0,Domestic,75,0,,B34,2016-05-02 15:31:00,2016-05-02 17:48:00,2016-05-02 15:17:00,2016-05-02 17:57:00,1231,1368,2016-05-02 20:17,2016-05-02 22:57,N655AE,0,976,,B4
AA1055,Y,PIT,DFW,1750,1855,1070,1135,1737,1846,1057.0,1126.0,2.0,Domestic,0,95,C30,,2016-05-02 18:55:00,2016-05-02 22:35:00,2016-05-02 18:46:00,2016-05-02 22:08:00,1435,155,2016-05-02 23:46,2016-05-03 02:08,N475AA,55,977,C11,
AA1542,Y,DEN,DFW,1750,1850,1070,1130,1749,1848,1069.0,1128.0,2.0,Domestic,0,108,A19,,2016-05-02 18:50:00,2016-05-02 19:58:00,2016-05-02 18:48:00,2016-05-02 19:52:00,1430,118,2016-05-02 23:48,2016-05-03 01:52,N144AN,42,978,A23,
AA2402,N,DFW,LAX,1750,1850,1070,1130,1749,1848,1069.0,1128.0,2.0,,93,0,,A19,2016-05-02 12:44:00,2016-05-02 17:50:00,2016-05-02 12:44:00,2016-05-02 17:49:00,1184,1370,2016-05-02 19:44,2016-05-02 22:49,N144AN,57,979,,A23
AA2423,N,DFW,MSP,1750,1855,1070,1135,1737,1846,1057.0,1126.0,2.0,Domestic,111,0,,C30,2016-05-02 15:14:00,2016-05-02 17:50:00,2016-05-02 15:04:00,2016-05-02 17:37:00,1214,1370,2016-05-02 20:04,2016-05-02 22:37,N475AA,39,980,,C11
AA3526,N,DFW,SGF,1751,1830,1071,1110,1729,1826,1049.0,1106.0,3.0,Domestic,75,0,,B37,2016-05-02 16:14:00,2016-05-02 17:51:00,2016-05-02 15:59:00,2016-05-02 17:29:00,1274,1371,2016-05-02 20:59,2016-05-02 22:29,N907AE,0,981,,C24
AA2838,Y,SPI,DFW,1751,1835,1071,1115,1746,1842,1066.0,1122.0,3.0,Domestic,0,38,B41,,2016-05-02 18:35:00,2016-05-02 20:28:00,2016-05-02 18:42:00,2016-05-02 20:27:00,1415,88,2016-05-02 23:42,2016-05-03 01:27,N685AE,37,982,C2,
AA3306,Y,BIS,DFW,1751,1830,1071,1110,1729,1826,1049.0,1106.0,3.0,Domestic,0,75,B37,,2016-05-02 18:30:00,2016-05-02 21:11:00,2016-05-02 18:26:00,2016-05-02 20:54:00,1410,131,2016-05-02 23:26,2016-05-03 01:54,N907AE,0,983,C24,
AA2824,N,DFW,SHV,1751,1835,1071,1115,1746,1842,1066.0,1122.0,3.0,Domestic,45,0,,B41,2016-05-02 16:43:00,2016-05-02 17:51:00,2016-05-02 16:37:00,2016-05-02 17:46:00,1303,1371,2016-05-02 21:37,2016-05-02 22:46,N685AE,30,984,,C2
AA2429,Y,SAT,DFW,1752,1855,1072,1135,1742,1849,1062.0,1129.0,2.0,Domestic,0,74,C14,,2016-05-02 18:55:00,2016-05-02 20:07:00,2016-05-02 18:49:00,2016-05-02 20:01:00,1435,67,2016-05-02 23:49,2016-05-03 01:01,N436AA,76,985,A39,
AA1373,N,DFW,JAX,1752,1855,1072,1135,1742,1849,1062.0,1129.0,2.0,Domestic,95,0,,C14,2016-05-02 16:00:00,2016-05-02 17:52:00,2016-05-02 15:58:00,2016-05-02 17:42:00,1200,1372,2016-05-02 19:58,2016-05-02 22:42,N436AA,55,986,,A39
AA5894,Y,MTY,DFW,1753,1850,1073,1130,1847,1940,1127.0,1180.0,3.0,,0,75,B28,,2016-05-02 18:50:00,2016-05-02 20:37:00,2016-05-02 19:40:00,2016-05-02 21:26:00,1430,97,2016-05-03 00:40,2016-05-03 02:26,N924FJ,0,987,B28,
AA5623,N,DFW,CAE,1753,1850,1073,1130,1847,1940,1127.0,1180.0,3.0,,75,0,,B28,2016-05-02 15:49:00,2016-05-02 17:53:00,2016-05-02 16:49:00,2016-05-02 18:47:00,1189,1373,2016-05-02 20:49,2016-05-02 23:47,N924FJ,0,988,,B28
AA1402,N,DFW,SEA,1755,1855,1075,1135,1748,1851,1068.0,1131.0,2.0,Domestic,102,0,,A17,2016-05-02 11:55:00,2016-05-02 17:55:00,2016-05-02 11:46:00,2016-05-02 17:48:00,1135,1375,2016-05-02 18:46,2016-05-02 22:48,N145AN,48,989,,A14
AA140,Y,SJC,DFW,1755,1850,1075,1130,1738,1846,1058.0,1126.0,2.0,Domestic,0,59,A33,,2016-05-02 18:50:00,2016-05-02 20:36:00,2016-05-02 18:46:00,2016-05-02 20:45:00,1430,216,2016-05-02 23:46,2016-05-03 03:45,N960AN,91,990,A16,
AA1568,N,DFW,MCI,1755,1925,1075,1165,1739,1927,1059.0,1167.0,2.0,Domestic,113,0,,A29,2016-05-02 16:08:00,2016-05-02 17:55:00,2016-05-02 16:03:00,2016-05-02 17:39:00,1268,1375,2016-05-02 21:03,2016-05-02 22:39,N946NN,37,991,,B10
AA1525,N,DFW,PDX,1755,1850,1075,1130,1738,1846,1058.0,1126.0,2.0,,114,0,,A33,2016-05-02 12:04:00,2016-05-02 17:55:00,2016-05-02 11:57:00,2016-05-02 17:38:00,1144,1375,2016-05-02 18:57,2016-05-02 22:38,N960AN,36,992,,A16
AA262,Y,LGA,DFW,1755,1925,1075,1165,1739,1927,1059.0,1167.0,2.0,Domestic,0,114,A29,,2016-05-02 19:25:00,2016-05-02 23:47:00,2016-05-02 19:27:00,2016-05-02 23:30:00,25,227,2016-05-03 00:27,2016-05-03 03:30,N946NN,36,993,B10,
AA2283,Y,SAN,DFW,1755,1855,1075,1135,1748,1851,1068.0,1131.0,2.0,Domestic,0,81,A17,,2016-05-02 18:55:00,2016-05-02 20:06:00,2016-05-02 18:51:00,2016-05-02 19:56:00,1435,186,2016-05-02 23:51,2016-05-03 02:56,N145AN,69,994,A14,
AA2347,N,DFW,CMH,1757,1827,1077,1107,1759,2037,1079.0,1237.0,2.0,Domestic,110,0,,C16,2016-05-02 16:08:00,2016-05-02 17:57:00,2016-05-02 16:04:00,2016-05-02 17:59:00,1208,1377,2016-05-02 20:04,2016-05-02 22:59,N967TW,40,995,,B5
AA5751,N,DFW,PNS,1757,1845,1077,1125,1744,1843,1064.0,1123.0,3.0,Domestic,75,0,,B42,2016-05-02 15:49:00,2016-05-02 17:57:00,2016-05-02 15:40:00,2016-05-02 17:44:00,1249,1377,2016-05-02 20:40,2016-05-02 22:44,N915FJ,0,996,,B42
AA5732,Y,FSD,DFW,1757,1845,1077,1125,1744,1843,1064.0,1123.0,3.0,Domestic,0,75,B42,,2016-05-02 18:45:00,2016-05-02 20:49:00,2016-05-02 18:43:00,2016-05-02 20:43:00,1425,109,2016-05-02 23:43,2016-05-03 01:43,N915FJ,0,997,B42,
AA1775,N,DFW,CLT,1758,1920,1078,1160,1839,1926,1119.0,1166.0,2.0,,111,0,,C35,2016-05-02 16:10:00,2016-05-02 17:58:00,2016-05-02 16:46:00,2016-05-02 18:39:00,1210,1378,2016-05-02 20:46,2016-05-02 23:39,N542UW,39,998,,C8
AA1688,Y,MCO,DFW,1758,1920,1078,1160,1839,1926,1119.0,1166.0,2.0,Domestic,0,108,C35,,2016-05-02 19:20:00,2016-05-02 22:54:00,2016-05-02 19:26:00,2016-05-02 23:26:00,20,174,2016-05-03 00:26,2016-05-03 03:26,N542UW,42,999,C8,
AA3237,N,DFW,FAR,1758,1840,1078,1120,1734,1832,1054.0,1112.0,3.0,Domestic,75,0,,B17,2016-05-02 15:10:00,2016-05-02 17:58:00,2016-05-02 14:59:00,2016-05-02 17:34:00,1210,1378,2016-05-02 19:59,2016-05-02 22:34,N639AE,0,1000,,C26
AA3165,Y,CUU,DFW,1758,1840,1078,1120,1734,1832,1054.0,1112.0,3.0,,0,75,B17,,2016-05-02 18:40:00,2016-05-02 19:43:00,2016-05-02 18:32:00,2016-05-02 19:43:00,1420,103,2016-05-02 23:32,2016-05-03 01:43,N639AE,0,1001,C26,
AA2190,N,DFW,STL,1759,1829,1079,1109,1757,1829,1077.0,1109.0,2.0,,114,0,,C26,2016-05-02 16:00:00,2016-05-02 17:59:00,2016-05-02 15:54:00,2016-05-02 17:57:00,1260,1379,2016-05-02 20:54,2016-05-02 22:57,N566AA,36,1002,,C6
AA2522,Y,PDX,DFW,1800,1915,1080,1155,1803,1911,1083.0,1151.0,2.0,Domestic,0,113,A25,,2016-05-02 19:15:00,2016-05-02 21:14:00,2016-05-02 19:11:00,2016-05-02 21:00:00,15,254,2016-05-03 00:11,2016-05-03 04:00,N930NN,37,1003,B9,
AA1112,N,DFW,LGA,1800,1915,1080,1155,1803,1911,1083.0,1151.0,2.0,,104,0,,A25,2016-05-02 14:59:00,2016-05-02 18:00:00,2016-05-02 14:56:00,2016-05-02 18:03:00,1139,1380,2016-05-02 18:56,2016-05-02 23:03,N930NN,46,1004,,B9
AA5709,Y,HOU,DFW,1802,1900,1082,1140,1812,1901,1092.0,1141.0,3.0,Domestic,0,75,B8,,2016-05-02 19:00:00,2016-05-02 20:13:00,2016-05-02 19:01:00,2016-05-02 20:12:00,0,73,2016-05-03 00:01,2016-05-03 01:12,N917FJ,0,1005,B26,
AA5804,N,DFW,GSO,1802,1900,1082,1140,1812,1901,1092.0,1141.0,3.0,Domestic,75,0,,B8,2016-05-02 15:55:00,2016-05-02 18:02:00,2016-05-02 16:17:00,2016-05-02 18:12:00,1195,1382,2016-05-02 20:17,2016-05-02 23:12,N917FJ,0,1006,,B26
AA89,Y,SLC,DFW,1805,1910,1085,1150,1757,1903,1077.0,1143.0,2.0,Domestic,0,105,C31,,2016-05-02 19:10:00,2016-05-02 20:55:00,2016-05-02 19:03:00,2016-05-02 20:54:00,10,175,2016-05-03 00:03,2016-05-03 02:54,N70504,45,1007,A13,
AA3291,N,DFW,CHS,1805,2005,1085,1205,1757,1959,1077.0,1199.0,3.0,,75,0,,B5,2016-05-02 15:52:00,2016-05-02 18:05:00,2016-05-02 15:52:00,2016-05-02 17:57:00,1192,1385,2016-05-02 19:52,2016-05-02 22:57,N230NN,0,1008,,B44
AA1000,N,DFW,TPA,1805,1910,1085,1150,1757,1903,1077.0,1143.0,2.0,Domestic,98,0,,C31,2016-05-02 16:11:00,2016-05-02 18:05:00,2016-05-02 16:05:00,2016-05-02 17:57:00,1211,1385,2016-05-02 20:05,2016-05-02 22:57,N70504,52,1009,,A13
AA3317,Y,LIT,DFW,1805,2005,1085,1205,1835,1959,1115.0,1199.0,3.0,Domestic,0,75,B5,,2016-05-02 20:05:00,2016-05-02 21:20:00,2016-05-02 19:59:00,2016-05-02 21:20:00,65,140,2016-05-03 00:59,2016-05-03 02:20,N230NN,0,1010,B44,
AA1593,N,DFW,AUS,1815,1909,1095,1149,1803,1908,1083.0,1148.0,2.0,Domestic,83,0,,C11,2016-05-02 17:05:00,2016-05-02 18:15:00,2016-05-02 16:58:00,2016-05-02 18:03:00,1325,1395,2016-05-02 21:58,2016-05-02 23:03,N982AN,67,1011,,A22
AA327,N,DFW,DCA,1815,1845,1095,1125,1816,2027,1096.0,1227.0,2.0,,81,0,,A13,2016-05-02 15:40:00,2016-05-02 18:15:00,2016-05-02 15:36:00,2016-05-02 18:16:00,1180,1395,2016-05-02 19:36,2016-05-02 23:16,N928AN,69,1012,,A17
AA132,Y,EWR,DFW,1815,1909,1095,1149,1803,1908,1083.0,1148.0,2.0,Domestic,0,101,C11,,2016-05-02 19:09:00,2016-05-02 23:37:00,2016-05-02 19:08:00,2016-05-02 23:10:00,9,217,2016-05-03 00:08,2016-05-03 03:10,N982AN,49,1013,A22,
AA3667,N,DFW,LIT,1816,1846,1096,1126,1911,1846,1151.0,2566.0,3.0,,75,0,,B7,2016-05-02 16:54:00,2016-05-02 18:16:00,2016-05-02 17:42:00,2016-05-02 19:11:00,1314,1396,2016-05-02 22:42,2016-05-03 00:11,N229NN,0,1014,,B7
AA2316,N,DFW,PHL,1817,1847,1097,1127,1825,2025,1105.0,1225.0,2.0,Domestic,102,0,,A23,2016-05-02 15:30:00,2016-05-02 18:17:00,2016-05-02 15:31:00,2016-05-02 18:25:00,1170,1397,2016-05-02 19:31,2016-05-02 23:25,N920NN,48,1015,,A25
AA2817,N,DFW,VPS,1817,1847,1097,1127,1803,1912,1083.0,1152.0,3.0,Domestic,68,0,,B48,2016-05-02 15:55:00,2016-05-02 18:17:00,2016-05-02 15:56:00,2016-05-02 18:03:00,1255,1397,2016-05-02 20:56,2016-05-02 23:03,N677AE,7,1016,,C4
AA5881,N,DFW,MTY,1818,2003,1098,1203,1755,2000,1075.0,1200.0,3.0,,75,0,,B2,2016-05-02 16:28:00,2016-05-02 18:18:00,2016-05-02 16:27:00,2016-05-02 17:55:00,1288,1398,2016-05-02 21:27,2016-05-02 22:55,N242LR,0,1017,,C27
AA5690,Y,IAH,DFW,1818,2003,1098,1203,1833,2000,1113.0,1200.0,3.0,Domestic,0,75,B2,,2016-05-02 20:03:00,2016-05-02 21:15:00,2016-05-02 20:00:00,2016-05-02 21:09:00,63,135,2016-05-03 01:00,2016-05-03 02:09,N242LR,0,1018,C27,
AA2417,Y,MEX,DFW,1821,1830,1101,1110,1817,1901,1097.0,1141.0,2.0,,0,150,C6,,2016-05-02 18:30:00,2016-05-02 21:08:00,2016-05-02 19:01:00,2016-05-02 21:33:00,1410,128,2016-05-03 00:01,2016-05-03 02:33,N5007E,0,1019,A11,
AA1524,N,DFW,SAT,1821,1830,1101,1110,1817,1901,1097.0,1141.0,2.0,Domestic,87,0,,C6,2016-05-02 17:04:00,2016-05-02 18:21:00,2016-05-02 17:00:00,2016-05-02 18:17:00,1324,1401,2016-05-02 22:00,2016-05-02 23:17,N5007E,63,1020,,A11
AA5817,Y,GRR,DFW,1834,2019,1114,1219,1849,2014,1129.0,1214.0,3.0,Domestic,0,75,B26,,2016-05-02 20:19:00,2016-05-02 23:48:00,2016-05-02 20:14:00,2016-05-02 23:24:00,79,228,2016-05-03 01:14,2016-05-03 03:24,N908FJ,0,1021,B12,
AA5849,N,DFW,HOU,1834,2019,1114,1219,1816,2014,1096.0,1214.0,3.0,Domestic,75,0,,B26,2016-05-02 17:16:00,2016-05-02 18:34:00,2016-05-02 17:12:00,2016-05-02 18:16:00,1336,1414,2016-05-02 22:12,2016-05-02 23:16,N908FJ,0,1022,,B12
AA5843,Y,SDF,DFW,1835,2005,1115,1205,1835,2003,1115.0,1203.0,3.0,Domestic,0,75,B46,,2016-05-02 20:05:00,2016-05-02 23:07:00,2016-05-02 20:03:00,2016-05-02 23:00:00,65,187,2016-05-03 01:03,2016-05-03 03:00,N957LR,0,1023,C19,
AA3338,Y,CVG,DFW,1835,2005,1115,1205,1835,2001,1115.0,1201.0,3.0,Domestic,0,75,B34,,2016-05-02 20:05:00,2016-05-02 23:22:00,2016-05-02 20:01:00,2016-05-02 23:15:00,65,202,2016-05-03 01:01,2016-05-03 03:15,N655AE,0,1024,C20,
AA1286,N,DFW,OMA,1845,2015,1125,1215,1841,2011,1121.0,1211.0,2.0,Domestic,126,0,,C22,2016-05-02 16:49:00,2016-05-02 18:45:00,2016-05-02 16:46:00,2016-05-02 18:41:00,1309,1425,2016-05-02 21:46,2016-05-02 23:41,N467AA,24,1025,,C14
AA1582,Y,CLE,DFW,1845,2015,1125,1215,1841,2011,1121.0,1211.0,2.0,Domestic,0,94,C22,,2016-05-02 20:15:00,2016-05-02 23:51:00,2016-05-02 20:11:00,2016-05-02 23:22:00,75,231,2016-05-03 01:11,2016-05-03 03:22,N467AA,56,1026,C14,
AA1606,Y,RDU,DFW,1850,2020,1130,1220,1850,2012,1130.0,1212.0,2.0,Domestic,0,73,A8,,2016-05-02 20:20:00,2016-05-03 00:02:00,2016-05-02 20:12:00,2016-05-02 23:51:00,80,242,2016-05-03 01:12,2016-05-03 03:51,N920AN,77,1027,C36,
AA2264,Y,PHL,DFW,1850,2020,1130,1220,1825,2025,1105.0,1225.0,2.0,Domestic,0,107,A23,,2016-05-02 20:20:00,2016-05-03 00:37:00,2016-05-02 20:25:00,2016-05-03 00:34:00,80,277,2016-05-03 01:25,2016-05-03 04:34,N920NN,43,1028,C33,
AA3659,Y,MOB,DFW,1850,2020,1130,1220,1841,2018,1121.0,1218.0,3.0,Domestic,0,75,B14,,2016-05-02 20:20:00,2016-05-02 22:01:00,2016-05-02 20:18:00,2016-05-02 21:53:00,80,181,2016-05-03 01:18,2016-05-03 02:53,N645AE,0,1029,C35,
AA3640,Y,LFT,DFW,1852,2035,1132,1235,1847,2030,1127.0,1230.0,3.0,Domestic,0,75,B44,,2016-05-02 20:35:00,2016-05-02 21:55:00,2016-05-02 20:30:00,2016-05-02 22:03:00,95,175,2016-05-03 01:30,2016-05-03 03:03,N539EA,0,1030,C30,
AA3192,N,DFW,XNA,1852,2035,1132,1235,1847,2030,1127.0,1230.0,3.0,,75,0,,B44,2016-05-02 17:36:00,2016-05-02 18:52:00,2016-05-02 17:28:00,2016-05-02 18:47:00,1356,1432,2016-05-02 22:28,2016-05-02 23:47,N539EA,0,1031,,C30
AA1439,N,DFW,BNA,1855,2019,1135,1219,1853,2015,1133.0,1215.0,2.0,Domestic,119,0,,C20,2016-05-02 16:46:00,2016-05-02 18:55:00,2016-05-02 16:45:00,2016-05-02 18:53:00,1306,1435,2016-05-02 21:45,2016-05-02 23:53,N980TW,31,1032,,C4
AA2501,Y,BNA,DFW,1855,2019,1135,1219,1853,2015,1133.0,1215.0,2.0,Domestic,0,75,C20,,2016-05-02 20:19:00,2016-05-02 22:09:00,2016-05-02 20:15:00,2016-05-02 21:54:00,79,189,2016-05-03 01:15,2016-05-03 02:54,N980TW,75,1033,C4,
AA2505,N,DFW,MCO,1855,1925,1135,1165,1902,1925,1142.0,1165.0,2.0,Domestic,129,0,,A33,2016-05-02 17:00:00,2016-05-02 18:55:00,2016-05-02 17:14:00,2016-05-02 19:02:00,1260,1435,2016-05-02 21:14,2016-05-03 00:02,N127AA,21,1034,,C26
AA1271,Y,RIC,DFW,1857,2005,1137,1205,1836,1959,1116.0,1199.0,2.0,Domestic,0,80,C12,,2016-05-02 20:05:00,2016-05-02 23:51:00,2016-05-02 19:59:00,2016-05-02 23:42:00,65,231,2016-05-03 00:59,2016-05-03 03:42,N955U,70,1035,A19,
AA1513,N,DFW,COS,1857,2005,1137,1205,1836,1959,1116.0,1199.0,2.0,Domestic,86,0,,C12,2016-05-02 16:01:00,2016-05-02 18:57:00,2016-05-02 15:59:00,2016-05-02 18:36:00,1321,1437,2016-05-02 21:59,2016-05-02 23:36,N955U,64,1036,,A19
AA2843,Y,SHV,DFW,1900,2030,1140,1230,1900,2024,1140.0,1224.0,3.0,Domestic,0,52,B32,,2016-05-02 20:30:00,2016-05-02 21:28:00,2016-05-02 20:24:00,2016-05-02 21:40:00,90,148,2016-05-03 01:24,2016-05-03 02:40,N626AE,23,1037,B31,
AA2211,Y,SNA,DFW,1900,2030,1140,1230,1900,2027,1140.0,1227.0,2.0,Domestic,0,102,A13,,2016-05-02 20:30:00,2016-05-02 21:47:00,2016-05-02 20:27:00,2016-05-02 21:41:00,90,287,2016-05-03 01:27,2016-05-03 04:41,N928AN,48,1038,A37,
AA2731,N,DFW,PSP,1902,2020,1142,1220,1901,2014,1141.0,1214.0,2.0,Domestic,57,0,,A24,2016-05-02 14:10:00,2016-05-02 19:02:00,2016-05-02 14:09:00,2016-05-02 19:01:00,1270,2,2016-05-02 21:09,2016-05-03 00:01,N930AN,93,1039,,C21
AA2439,Y,CLT,DFW,1902,2020,1142,1220,1901,2014,1141.0,1214.0,2.0,Domestic,0,114,A24,,2016-05-02 20:20:00,2016-05-02 23:53:00,2016-05-02 20:14:00,2016-05-02 23:47:00,80,233,2016-05-03 01:14,2016-05-03 03:47,N930AN,36,1040,C21,
AA1242,N,DFW,DEN,1903,2020,1143,1220,1846,2037,1126.0,1237.0,2.0,,108,0,,A28,2016-05-02 16:00:00,2016-05-02 19:03:00,2016-05-02 15:55:00,2016-05-02 18:46:00,1320,3,2016-05-02 21:55,2016-05-02 23:46,N843NN,42,1041,,C6
AA128,Y,EWR,DFW,1903,2020,1143,1220,1846,2037,1126.0,1237.0,2.0,Domestic,0,88,A28,,2016-05-02 20:20:00,2016-05-03 00:48:00,2016-05-02 20:37:00,2016-05-03 00:42:00,80,288,2016-05-03 01:37,2016-05-03 04:42,N843NN,62,1042,C6,
AA2608,N,DFW,TUL,1904,2020,1144,1220,1850,2015,1130.0,1215.0,2.0,Domestic,81,0,,A18,2016-05-02 17:48:00,2016-05-02 19:04:00,2016-05-02 17:42:00,2016-05-02 18:50:00,1368,4,2016-05-02 22:42,2016-05-02 23:50,N970NN,69,1043,,C22
AA2407,Y,BOS,DFW,1904,2020,1144,1220,1850,2015,1130.0,1215.0,2.0,Domestic,0,97,A18,,2016-05-02 20:20:00,2016-05-03 01:01:00,2016-05-02 20:15:00,2016-05-03 00:31:00,80,301,2016-05-03 01:15,2016-05-03 04:31,N970NN,53,1044,C22,
AA2427,N,DFW,MIA,1905,2010,1145,1210,1848,2003,1128.0,1203.0,2.0,Domestic,116,0,,A20,2016-05-02 16:49:00,2016-05-02 19:05:00,2016-05-02 16:44:00,2016-05-02 18:48:00,1249,5,2016-05-02 20:44,2016-05-02 23:48,N837NN,34,1045,,A11
AA239,Y,MSP,DFW,1905,2015,1145,1215,1858,2018,1138.0,1218.0,2.0,Domestic,0,104,C2,,2016-05-02 20:15:00,2016-05-02 22:36:00,2016-05-02 20:18:00,2016-05-02 22:38:00,75,216,2016-05-03 01:18,2016-05-03 03:38,N9401W,46,1046,A24,
AA1268,Y,SAT,DFW,1905,2025,1145,1225,1857,2151,1137.0,1311.0,2.0,Domestic,0,78,A10,,2016-05-02 20:25:00,2016-05-02 21:36:00,2016-05-02 21:51:00,2016-05-02 23:03:00,85,156,2016-05-03 02:51,2016-05-03 04:03,N936AN,72,1047,B28,
AA2256,N,DFW,IAH,1905,2015,1145,1215,1858,2018,1138.0,1218.0,2.0,Domestic,111,0,,C2,2016-05-02 17:43:00,2016-05-02 19:05:00,2016-05-02 17:43:00,2016-05-02 18:58:00,1363,5,2016-05-02 22:43,2016-05-02 23:58,N9401W,39,1048,,A24
AA1142,Y,ORD,DFW,1905,2010,1145,1210,1848,2003,1128.0,1203.0,2.0,Domestic,0,129,A20,,2016-05-02 20:10:00,2016-05-02 22:34:00,2016-05-02 20:03:00,2016-05-02 22:13:00,70,214,2016-05-03 01:03,2016-05-03 03:13,N837NN,21,1049,A11,
AA1087,N,DFW,ATL,1905,2025,1145,1225,1857,2151,1137.0,1311.0,2.0,Domestic,128,0,,A10,2016-05-02 17:37:00,2016-05-02 19:05:00,2016-05-02 17:34:00,2016-05-02 18:57:00,1297,5,2016-05-02 21:34,2016-05-02 23:57,N936AN,22,1050,,B28
AA1355,N,DFW,PDX,1906,2035,1146,1235,1914,2032,1154.0,1232.0,2.0,Domestic,98,0,,A17,2016-05-02 13:12:00,2016-05-02 19:06:00,2016-05-02 13:24:00,2016-05-02 19:14:00,1212,6,2016-05-02 20:24,2016-05-03 00:14,N867NN,52,1051,,C7
AA2386,Y,MSY,DFW,1906,2035,1146,1235,1914,2032,1154.0,1232.0,2.0,Domestic,0,87,A17,,2016-05-02 20:35:00,2016-05-02 22:03:00,2016-05-02 20:32:00,2016-05-02 21:58:00,95,183,2016-05-03 01:32,2016-05-03 02:58,N867NN,63,1052,C7,
AA2306,N,DFW,PBI,1906,1936,1146,1176,1915,1936,1155.0,1176.0,,,-54,0,,C11,2016-05-02 16:52:00,2016-05-02 19:06:00,2016-05-02 16:52:00,2016-05-02 19:15:00,1252,6,2016-05-02 20:52,2016-05-03 00:15,N885NN,54,1053,,A39
AA1178,N,DFW,BOS,1908,2005,1148,1205,1919,2007,1159.0,1207.0,2.0,,121,0,,A36,2016-05-02 15:47:00,2016-05-02 19:08:00,2016-05-02 15:44:00,2016-05-02 19:19:00,1187,8,2016-05-02 19:44,2016-05-03 00:19,N809NN,29,1054,,A15
AA2293,Y,DCA,DFW,1908,2005,1148,1205,1919,2007,1159.0,1207.0,2.0,Domestic,0,50,A36,,2016-05-02 20:05:00,2016-05-02 23:57:00,2016-05-02 20:07:00,2016-05-02 23:55:00,65,237,2016-05-03 01:07,2016-05-03 03:55,N809NN,100,1055,A15,
AA3412,Y,ABI,DFW,1909,2005,1149,1205,1902,2014,1142.0,1214.0,3.0,Domestic,0,75,B33,,2016-05-02 20:05:00,2016-05-02 20:57:00,2016-05-02 20:14:00,2016-05-02 21:07:00,65,117,2016-05-03 01:14,2016-05-03 02:07,N664MS,0,1056,B26,
AA5812,Y,GSO,DFW,1909,2005,1149,1205,1836,1957,1116.0,1197.0,3.0,Domestic,0,75,B27,,2016-05-02 20:05:00,2016-05-02 23:38:00,2016-05-02 19:57:00,2016-05-02 23:27:00,65,218,2016-05-03 00:57,2016-05-03 03:27,N909FJ,0,1057,B27,
AA1223,N,DFW,JFK,1909,2040,1149,1240,1905,2032,1145.0,1232.0,2.0,,105,0,,A21,2016-05-02 16:05:00,2016-05-02 19:09:00,2016-05-02 15:59:00,2016-05-02 19:05:00,1205,9,2016-05-02 19:59,2016-05-03 00:05,N949AN,45,1058,,C10
AA82,Y,TPA,DFW,1909,2040,1149,1240,1905,2032,1145.0,1232.0,2.0,Domestic,0,114,A21,,2016-05-02 20:40:00,2016-05-03 00:04:00,2016-05-02 20:32:00,2016-05-02 23:44:00,100,244,2016-05-03 01:32,2016-05-03 03:44,N949AN,36,1059,C10,
AA5895,N,DFW,MAF,1909,2005,1149,1205,1836,1957,1116.0,1197.0,3.0,Domestic,75,0,,B27,2016-05-02 17:50:00,2016-05-02 19:09:00,2016-05-02 17:41:00,2016-05-02 18:36:00,1370,9,2016-05-02 22:41,2016-05-02 23:36,N909FJ,0,1060,,B27
AA3321,N,DFW,ROW,1909,2005,1149,1205,1902,2014,1142.0,1214.0,3.0,Domestic,75,0,,B33,2016-05-02 16:35:00,2016-05-02 19:09:00,2016-05-02 16:32:00,2016-05-02 19:02:00,1355,9,2016-05-02 22:32,2016-05-03 00:02,N664MS,0,1061,,B26
AA1189,N,DFW,YVR,1910,2025,1150,1225,1917,2022,1157.0,1222.0,2.0,,150,0,,A9,2016-05-02 12:57:00,2016-05-02 19:10:00,2016-05-02 12:55:00,2016-05-02 19:17:00,1197,10,2016-05-02 19:55,2016-05-03 00:17,N802NN,0,1062,,C12
AA1101,N,DFW,ABQ,1910,2020,1150,1220,1912,2015,1152.0,1215.0,2.0,Domestic,70,0,,C30,2016-05-02 16:17:00,2016-05-02 19:10:00,2016-05-02 16:09:00,2016-05-02 19:12:00,1337,10,2016-05-02 22:09,2016-05-03 00:12,N954U,80,1063,,A33
AA2576,Y,DEN,DFW,1910,2025,1150,1225,1917,2022,1157.0,1222.0,2.0,Domestic,0,116,A9,,2016-05-02 20:25:00,2016-05-02 21:32:00,2016-05-02 20:22:00,2016-05-02 21:30:00,85,212,2016-05-03 01:22,2016-05-03 03:30,N802NN,34,1064,C12,
AA2276,Y,IND,DFW,1910,2025,1150,1225,1905,2021,1145.0,1221.0,2.0,Domestic,0,106,C17,,2016-05-02 20:25:00,2016-05-02 23:32:00,2016-05-02 20:21:00,2016-05-02 23:12:00,85,212,2016-05-03 01:21,2016-05-03 03:12,N9622A,44,1065,B29,
AA2605,Y,MFE,DFW,1910,2020,1150,1220,1912,2015,1152.0,1215.0,2.0,Domestic,0,82,C30,,2016-05-02 20:20:00,2016-05-02 21:56:00,2016-05-02 20:15:00,2016-05-02 21:49:00,80,176,2016-05-03 01:15,2016-05-03 02:49,N954U,68,1066,A33,
AA5682,N,DFW,OKC,1910,2010,1150,1210,1904,2002,1144.0,1202.0,3.0,,75,0,,B47,2016-05-02 18:05:00,2016-05-02 19:10:00,2016-05-02 17:57:00,2016-05-02 19:04:00,1385,10,2016-05-02 22:57,2016-05-03 00:04,N952LR,0,1067,,C31
AA1046,N,DFW,MCI,1910,2025,1150,1225,1905,2021,1145.0,1221.0,2.0,,117,0,,C17,2016-05-02 17:27:00,2016-05-02 19:10:00,2016-05-02 17:25:00,2016-05-02 19:05:00,1347,10,2016-05-02 22:25,2016-05-03 00:05,N9622A,33,1068,,B29
AA5767,Y,HSV,DFW,1910,2010,1150,1210,1904,2002,1144.0,1202.0,3.0,Domestic,0,75,B47,,2016-05-02 20:10:00,2016-05-02 21:57:00,2016-05-02 20:02:00,2016-05-02 21:37:00,70,177,2016-05-03 01:02,2016-05-03 02:37,N952LR,0,1069,C31,
AA546,Y,PHX,DFW,1913,2020,1153,1220,1914,2016,1154.0,1216.0,2.0,Domestic,0,113,C36,,2016-05-02 20:20:00,2016-05-02 21:00:00,2016-05-02 20:16:00,2016-05-02 20:49:00,80,240,2016-05-03 01:16,2016-05-03 03:49,N586UW,37,1070,C11,
AA751,N,DFW,PHL,1913,2020,1153,1220,1914,2016,1154.0,1216.0,2.0,,125,0,,C36,2016-05-02 16:30:00,2016-05-02 19:13:00,2016-05-02 16:23:00,2016-05-02 19:14:00,1230,13,2016-05-02 20:23,2016-05-03 00:14,N586UW,25,1071,,C11
AA1166,N,DFW,YYC,1914,1915,1154,1155,1901,1954,1141.0,1194.0,2.0,,150,0,,C4,2016-05-02 14:25:00,2016-05-02 19:14:00,2016-05-02 14:19:00,2016-05-02 19:01:00,1225,14,2016-05-02 20:19,2016-05-03 00:01,N4032T,0,1072,,A14
AA3684,N,DFW,CRP,1914,2010,1154,1210,1857,2016,1137.0,1216.0,3.0,Domestic,75,0,,B12,2016-05-02 17:44:00,2016-05-02 19:14:00,2016-05-02 17:41:00,2016-05-02 18:57:00,1364,14,2016-05-02 22:41,2016-05-02 23:57,N222NS,0,1073,,B43
AA1075,Y,ELP,DFW,1914,1915,1154,1155,1901,1954,1141.0,1194.0,2.0,Domestic,0,84,C4,,2016-05-02 19:15:00,2016-05-02 19:58:00,2016-05-02 19:54:00,2016-05-02 20:35:00,15,118,2016-05-03 00:54,2016-05-03 02:35,N4032T,66,1074,A14,
AA3413,Y,CHS,DFW,1914,2010,1154,1210,1857,2016,1137.0,1216.0,3.0,Domestic,0,75,B12,,2016-05-02 20:10:00,2016-05-02 23:41:00,2016-05-02 20:16:00,2016-05-02 23:44:00,70,221,2016-05-03 01:16,2016-05-03 03:44,N222NS,0,1075,B43,
AA475,Y,SFO,DFW,1915,2035,1155,1235,1904,2028,1144.0,1228.0,2.0,Domestic,0,93,C37,,2016-05-02 20:35:00,2016-05-02 22:28:00,2016-05-02 20:28:00,2016-05-02 22:43:00,95,328,2016-05-03 01:28,2016-05-03 05:43,N191UW,57,1076,A21,
AA1440,Y,AUS,DFW,1915,2045,1155,1245,1915,2037,1155.0,1237.0,2.0,Domestic,0,92,C16,,2016-05-02 20:45:00,2016-05-02 21:46:00,2016-05-02 20:37:00,2016-05-02 21:32:00,105,166,2016-05-03 01:37,2016-05-03 02:32,N967TW,58,1077,A38,
AA670,N,DFW,LAS,1915,2035,1155,1235,1904,2028,1144.0,1228.0,2.0,Domestic,85,0,,C37,2016-05-02 14:24:00,2016-05-02 19:15:00,2016-05-02 14:13:00,2016-05-02 19:04:00,1284,15,2016-05-02 21:13,2016-05-03 00:04,N191UW,65,1078,,A21
AA2825,N,DFW,BRO,1916,2020,1156,1220,1908,2014,1148.0,1214.0,3.0,Domestic,62,0,,B37,2016-05-02 17:35:00,2016-05-02 19:16:00,2016-05-02 17:30:00,2016-05-02 19:08:00,1355,16,2016-05-02 22:30,2016-05-03 00:08,N680AE,13,1079,,C16
AA2842,Y,JLN,DFW,1916,2020,1156,1220,1908,2014,1148.0,1214.0,3.0,Domestic,0,42,B37,,2016-05-02 20:20:00,2016-05-02 21:39:00,2016-05-02 20:14:00,2016-05-02 21:25:00,80,159,2016-05-03 01:14,2016-05-03 02:25,N680AE,33,1080,C16,
AA3441,N,DFW,ABI,1917,1947,1157,1187,1913,2147,1153.0,1307.0,3.0,Domestic,75,0,,B41,2016-05-02 18:23:00,2016-05-02 19:17:00,2016-05-02 18:21:00,2016-05-02 19:13:00,1403,17,2016-05-02 23:21,2016-05-03 00:13,N644AE,0,1081,,B7
AA2792,N,DFW,LRD,1918,2005,1158,1205,1901,2000,1141.0,1200.0,3.0,Domestic,56,0,,B16,2016-05-02 17:46:00,2016-05-02 19:18:00,2016-05-02 17:37:00,2016-05-02 19:01:00,1366,18,2016-05-02 22:37,2016-05-03 00:01,N671AE,19,1082,,A8
AA3329,Y,FWA,DFW,1918,2010,1158,1210,1918,2007,1158.0,1207.0,3.0,Domestic,0,75,B17,,2016-05-02 20:10:00,2016-05-02 23:27:00,2016-05-02 20:07:00,2016-05-02 23:06:00,70,207,2016-05-03 01:07,2016-05-03 03:06,N648AE,0,1083,B40,
AA2847,Y,TYS,DFW,1918,2005,1158,1205,1901,2000,1141.0,1200.0,3.0,Domestic,0,49,B16,,2016-05-02 20:05:00,2016-05-02 23:13:00,2016-05-02 20:00:00,2016-05-02 22:53:00,65,193,2016-05-03 01:00,2016-05-03 02:53,N671AE,26,1084,A8,
AA2881,N,DFW,TXK,1918,1948,1158,1188,2121,2210,1281.0,1330.0,3.0,,55,0,,B27,2016-05-02 18:19:00,2016-05-02 19:18:00,2016-05-02 20:22:00,2016-05-02 21:21:00,1399,18,2016-05-03 01:22,2016-05-03 02:21,N677AE,20,1085,,B6
AA3147,N,DFW,TYR,1918,2010,1158,1210,1918,2007,1158.0,1207.0,3.0,Domestic,75,0,,B17,2016-05-02 18:25:00,2016-05-02 19:18:00,2016-05-02 18:25:00,2016-05-02 19:18:00,1405,18,2016-05-02 23:25,2016-05-03 00:18,N648AE,0,1086,,B40
AA3355,N,DFW,GGG,1919,2020,1159,1220,1912,2013,1152.0,1213.0,3.0,,75,0,,B35,2016-05-02 18:21:00,2016-05-02 19:19:00,2016-05-02 18:19:00,2016-05-02 19:12:00,1401,19,2016-05-02 23:19,2016-05-03 00:12,N900AE,0,1087,,C28
AA2859,Y,VPS,DFW,1919,2025,1159,1225,1920,2023,1160.0,1223.0,3.0,Domestic,0,62,B38,,2016-05-02 20:25:00,2016-05-02 22:21:00,2016-05-02 20:23:00,2016-05-02 22:24:00,85,201,2016-05-03 01:23,2016-05-03 03:24,N678AE,13,1088,C17,
AA5774,N,DFW,LBB,1919,2005,1159,1205,1901,1959,1141.0,1199.0,3.0,Domestic,75,0,,B25,2016-05-02 17:59:00,2016-05-02 19:19:00,2016-05-02 17:47:00,2016-05-02 19:01:00,1379,19,2016-05-02 22:47,2016-05-03 00:01,N942LR,0,1089,,C24
AA2845,N,DFW,ACT,1919,2025,1159,1225,1920,2023,1160.0,1223.0,3.0,Domestic,58,0,,B38,2016-05-02 18:26:00,2016-05-02 19:19:00,2016-05-02 18:17:00,2016-05-02 19:20:00,1406,19,2016-05-02 23:17,2016-05-03 00:20,N678AE,17,1090,,C17
AA3676,Y,PIA,DFW,1919,2020,1159,1220,1912,2013,1152.0,1213.0,3.0,Domestic,0,75,B35,,2016-05-02 20:20:00,2016-05-02 22:16:00,2016-05-02 20:13:00,2016-05-02 22:01:00,80,196,2016-05-03 01:13,2016-05-03 03:01,N900AE,0,1091,C28,
AA5794,Y,GSP,DFW,1919,2005,1159,1205,1901,1959,1141.0,1199.0,3.0,Domestic,0,75,B25,,2016-05-02 20:05:00,2016-05-02 23:18:00,2016-05-02 19:59:00,2016-05-02 23:02:00,65,198,2016-05-03 00:59,2016-05-03 03:02,N942LR,0,1092,C24,
AA1371,Y,DSM,DFW,1920,2015,1160,1215,1901,2050,1141.0,1250.0,2.0,Domestic,0,77,C19,,2016-05-02 20:15:00,2016-05-02 22:05:00,2016-05-02 20:50:00,2016-05-02 22:29:00,75,185,2016-05-03 01:50,2016-05-03 03:29,N983TW,73,1093,A29,
AA2853,N,DFW,MLU,1920,1950,1160,1190,1901,2148,1141.0,1308.0,3.0,,58,0,,B43,2016-05-02 17:55:00,2016-05-02 19:20:00,2016-05-02 17:44:00,2016-05-02 19:01:00,1375,20,2016-05-02 22:44,2016-05-03 00:01,N687JS,17,1094,,C2
AA1010,Y,STL,DFW,1920,2005,1160,1205,1853,1957,1133.0,1197.0,2.0,Domestic,0,105,C29,,2016-05-02 20:05:00,2016-05-02 21:43:00,2016-05-02 19:57:00,2016-05-02 21:22:00,65,163,2016-05-03 00:57,2016-05-03 02:22,N489AA,45,1095,A13,
AA2322,Y,PBI,DFW,1920,2015,1160,1215,1919,2013,1159.0,1213.0,2.0,Domestic,0,92,A14,,2016-05-02 20:15:00,2016-05-02 23:59:00,2016-05-02 20:13:00,2016-05-02 23:46:00,75,239,2016-05-03 01:13,2016-05-03 03:46,N978NN,58,1096,A36,
AA2851,N,DFW,SAF,1920,2015,1160,1215,1908,2109,1148.0,1269.0,3.0,Domestic,56,0,,B40,2016-05-02 16:36:00,2016-05-02 19:20:00,2016-05-02 16:37:00,2016-05-02 19:08:00,1356,20,2016-05-02 22:37,2016-05-03 00:08,N633AE,19,1097,,A18
AA222,N,DFW,SNA,1920,2015,1160,1215,1919,2013,1159.0,1213.0,2.0,,47,0,,A14,2016-05-02 14:25:00,2016-05-02 19:20:00,2016-05-02 14:31:00,2016-05-02 19:19:00,1285,20,2016-05-02 21:31,2016-05-03 00:19,N978NN,103,1098,,A36
AA2834,Y,MLU,DFW,1920,2015,1160,1215,1908,2109,1148.0,1269.0,3.0,Domestic,0,45,B40,,2016-05-02 20:15:00,2016-05-02 21:26:00,2016-05-02 21:09:00,2016-05-02 22:14:00,75,146,2016-05-03 02:09,2016-05-03 03:14,N633AE,30,1099,A18,
AA2526,N,DFW,SLC,1920,2005,1160,1205,1853,1957,1133.0,1197.0,2.0,,86,0,,C29,2016-05-02 15:36:00,2016-05-02 19:20:00,2016-05-02 15:26:00,2016-05-02 18:53:00,1296,20,2016-05-02 21:26,2016-05-02 23:53,N489AA,64,1100,,A13
AA1424,N,DFW,SAT,1920,2015,1160,1215,1901,2050,1141.0,1250.0,2.0,,77,0,,C15,2016-05-02 18:07:00,2016-05-02 19:20:00,2016-05-02 17:56:00,2016-05-02 19:01:00,1387,20,2016-05-02 22:56,2016-05-03 00:01,N983TW,73,1101,,A29
AA3705,N,DFW,CLL,1922,2010,1162,1210,1934,2007,1174.0,1207.0,3.0,Domestic,75,0,,B48,2016-05-02 18:18:00,2016-05-02 19:22:00,2016-05-02 18:40:00,2016-05-02 19:34:00,1398,22,2016-05-02 23:40,2016-05-03 00:34,N823AE,0,1102,,B25
AA3509,Y,COU,DFW,1922,2010,1162,1210,1934,2007,1174.0,1207.0,3.0,Domestic,0,75,B48,,2016-05-02 20:10:00,2016-05-02 21:44:00,2016-05-02 20:07:00,2016-05-02 21:34:00,70,164,2016-05-03 01:07,2016-05-03 02:34,N823AE,0,1103,B25,
AA80,N,DFW,TUS,1924,1954,1164,1194,1901,1954,1141.0,1194.0,2.0,,73,0,,C10,2016-05-02 15:08:00,2016-05-02 19:24:00,2016-05-02 15:00:00,2016-05-02 19:01:00,1328,24,2016-05-02 22:00,2016-05-03 00:01,N9621A,77,1104,,A16
AA3559,N,DFW,MHK,1924,2025,1164,1225,1915,2019,1155.0,1219.0,3.0,Domestic,75,0,,B13,2016-05-02 17:47:00,2016-05-02 19:24:00,2016-05-02 17:37:00,2016-05-02 19:15:00,1367,24,2016-05-02 22:37,2016-05-03 00:15,N833AE,0,1105,,B42
AA3204,Y,LCH,DFW,1924,2025,1164,1225,1915,2019,1155.0,1219.0,3.0,Domestic,0,75,B13,,2016-05-02 20:25:00,2016-05-02 21:42:00,2016-05-02 20:19:00,2016-05-02 21:39:00,85,162,2016-05-03 01:19,2016-05-03 02:39,N833AE,0,1106,B42,
AA551,N,DFW,PHX,1924,2035,1164,1235,1922,2029,1162.0,1229.0,2.0,Domestic,100,0,,C39,2016-05-02 15:05:00,2016-05-02 19:24:00,2016-05-02 15:01:00,2016-05-02 19:22:00,1325,24,2016-05-02 22:01,2016-05-03 00:22,N537UW,50,1107,,A23
AA551,Y,LAS,DFW,1924,2035,1164,1235,1922,2029,1162.0,1229.0,2.0,Domestic,0,119,C39,,2016-05-02 20:35:00,2016-05-02 21:35:00,2016-05-02 20:29:00,2016-05-02 21:25:00,95,275,2016-05-03 01:29,2016-05-03 04:25,N537UW,31,1108,A23,
AA3340,Y,XNA,DFW,1925,2005,1165,1205,1924,1959,1164.0,1199.0,3.0,Domestic,0,75,B6,,2016-05-02 20:05:00,2016-05-02 21:16:00,2016-05-02 19:59:00,2016-05-02 21:01:00,65,136,2016-05-03 00:59,2016-05-03 02:01,N226NN,0,1109,C15,
AA2418,Y,JAX,DFW,1925,2025,1165,1225,1928,2026,1168.0,1226.0,2.0,Domestic,0,95,C7,,2016-05-02 20:25:00,2016-05-02 23:47:00,2016-05-02 20:26:00,2016-05-02 23:40:00,85,227,2016-05-03 01:26,2016-05-03 03:40,N9615W,55,1110,A35,
AA3522,N,DFW,ICT,1925,2005,1165,1205,1924,1959,1164.0,1199.0,3.0,,75,0,,B6,2016-05-02 18:00:00,2016-05-02 19:25:00,2016-05-02 17:55:00,2016-05-02 19:24:00,1380,25,2016-05-02 22:55,2016-05-03 00:24,N226NN,0,1111,,C15
AA2759,N,DFW,SHV,1925,2020,1165,1220,1919,2013,1159.0,1213.0,3.0,Domestic,55,0,,B39,2016-05-02 18:16:00,2016-05-02 19:25:00,2016-05-02 18:07:00,2016-05-02 19:19:00,1396,25,2016-05-02 23:07,2016-05-03 00:19,N667GB,20,1112,,A9
AA2845,Y,GPT,DFW,1925,2020,1165,1220,1919,2013,1159.0,1213.0,3.0,Domestic,0,50,B39,,2016-05-02 20:20:00,2016-05-02 21:55:00,2016-05-02 20:13:00,2016-05-02 21:51:00,80,175,2016-05-03 01:13,2016-05-03 02:51,N667GB,25,1113,A9,
AA1505,N,DFW,ONT,1925,2025,1165,1225,1928,2026,1168.0,1226.0,2.0,Domestic,59,0,,C7,2016-05-02 14:26:00,2016-05-02 19:25:00,2016-05-02 14:50:00,2016-05-02 19:28:00,1286,25,2016-05-02 21:50,2016-05-03 00:28,N9615W,91,1114,,A35
AA3411,N,DFW,LAW,1928,2030,1168,1230,1919,2026,1159.0,1226.0,3.0,Domestic,75,0,,B3,2016-05-02 18:32:00,2016-05-02 19:28:00,2016-05-02 18:21:00,2016-05-02 19:19:00,1412,28,2016-05-02 23:21,2016-05-03 00:19,N941LT,0,1115,,B5
AA5770,N,DFW,SGF,1928,2020,1168,1220,1921,2016,1161.0,1216.0,3.0,,75,0,,B45,2016-05-02 17:55:00,2016-05-02 19:28:00,2016-05-02 17:48:00,2016-05-02 19:21:00,1375,28,2016-05-02 22:48,2016-05-03 00:21,N916FJ,0,1116,,B10
AA3432,Y,MHK,DFW,1928,2030,1168,1230,1919,2026,1159.0,1226.0,3.0,Domestic,0,75,B3,,2016-05-02 20:30:00,2016-05-02 21:56:00,2016-05-02 20:26:00,2016-05-02 21:53:00,90,176,2016-05-03 01:26,2016-05-03 02:53,N941LT,0,1117,B5,
AA5791,Y,BHM,DFW,1928,2020,1168,1220,1921,2016,1161.0,1216.0,3.0,Domestic,0,75,B45,,2016-05-02 20:20:00,2016-05-02 22:04:00,2016-05-02 20:16:00,2016-05-02 22:00:00,80,184,2016-05-03 01:16,2016-05-03 03:00,N916FJ,0,1118,B10,
AA5729,N,DFW,ELP,1928,2020,1168,1220,1908,2017,1148.0,1217.0,3.0,Domestic,75,0,,B42,2016-05-02 16:41:00,2016-05-02 19:28:00,2016-05-02 16:31:00,2016-05-02 19:08:00,1361,28,2016-05-02 22:31,2016-05-03 00:08,N913FJ,0,1119,,B9
AA5702,Y,MSN,DFW,1928,2020,1168,1220,1908,2017,1148.0,1217.0,3.0,Domestic,0,75,B42,,2016-05-02 20:20:00,2016-05-02 22:36:00,2016-05-02 20:17:00,2016-05-02 22:35:00,80,216,2016-05-03 01:17,2016-05-03 03:35,N913FJ,0,1120,B9,
AA3515,Y,MLI,DFW,1929,2010,1169,1210,1912,2001,1152.0,1201.0,3.0,Domestic,0,75,B15,,2016-05-02 20:10:00,2016-05-02 22:09:00,2016-05-02 20:01:00,2016-05-02 21:54:00,70,189,2016-05-03 01:01,2016-05-03 02:54,N649PP,0,1121,C26,
AA3225,N,DFW,GJT,1929,2014,1169,1214,1901,2014,1141.0,1214.0,3.0,Domestic,75,0,,B30,2016-05-02 16:15:00,2016-05-02 19:29:00,2016-05-02 16:03:00,2016-05-02 19:01:00,1335,29,2016-05-02 22:03,2016-05-03 00:01,N854AE,0,1122,,B11
AA3184,Y,MGM,DFW,1929,2014,1169,1214,1901,2014,1141.0,1214.0,3.0,Domestic,0,75,B30,,2016-05-02 20:14:00,2016-05-02 22:03:00,2016-05-02 20:14:00,2016-05-02 21:57:00,74,183,2016-05-03 01:14,2016-05-03 02:57,N854AE,0,1123,B11,
AA1445,N,DFW,SAN,1929,1959,1169,1199,1932,2224,1172.0,1344.0,2.0,Domestic,72,0,,A19,2016-05-02 14:30:00,2016-05-02 19:29:00,2016-05-02 14:22:00,2016-05-02 19:32:00,1290,29,2016-05-02 21:22,2016-05-03 00:32,N148AN,78,1124,,A14
AA3712,N,DFW,FSM,1929,2010,1169,1210,1912,2001,1152.0,1201.0,3.0,Domestic,75,0,,B15,2016-05-02 18:19:00,2016-05-02 19:29:00,2016-05-02 18:08:00,2016-05-02 19:12:00,1399,29,2016-05-02 23:08,2016-05-03 00:12,N649PP,0,1125,,C26
AA2396,Y,OMA,DFW,1930,2025,1170,1225,1915,2022,1155.0,1222.0,2.0,Domestic,0,102,C28,,2016-05-02 20:25:00,2016-05-02 22:12:00,2016-05-02 20:22:00,2016-05-02 22:00:00,85,192,2016-05-03 01:22,2016-05-03 03:00,N424AA,48,1126,A34,
AA2400,Y,SJC,DFW,1930,2025,1170,1225,1929,2026,1169.0,1226.0,2.0,Domestic,0,101,A16,,2016-05-02 20:25:00,2016-05-02 22:10:00,2016-05-02 20:26:00,2016-05-02 22:12:00,85,310,2016-05-03 01:26,2016-05-03 05:12,N941AN,49,1127,A22,
AA2473,N,DFW,LAX,1930,2010,1170,1210,1919,2010,1159.0,1210.0,2.0,,68,0,,A11,2016-05-02 14:25:00,2016-05-02 19:30:00,2016-05-02 14:22:00,2016-05-02 19:19:00,1285,30,2016-05-02 21:22,2016-05-03 00:19,N142AN,82,1128,,A17
AA2505,Y,AUS,DFW,1930,2010,1170,1210,1919,2010,1159.0,1210.0,2.0,Domestic,0,57,A11,,2016-05-02 20:10:00,2016-05-02 21:12:00,2016-05-02 20:10:00,2016-05-02 21:08:00,70,132,2016-05-03 01:10,2016-05-03 02:08,N142AN,93,1129,A17,
AA1137,N,DFW,MFE,1930,2025,1170,1225,1915,2022,1155.0,1222.0,2.0,Domestic,75,0,,C28,2016-05-02 17:50:00,2016-05-02 19:30:00,2016-05-02 17:43:00,2016-05-02 19:15:00,1370,30,2016-05-02 22:43,2016-05-03 00:15,N424AA,75,1130,,A34
AA1512,N,DFW,SEA,1930,2025,1170,1225,1929,2026,1169.0,1226.0,2.0,,83,0,,A16,2016-05-02 13:26:00,2016-05-02 19:30:00,2016-05-02 13:21:00,2016-05-02 19:29:00,1226,30,2016-05-02 20:21,2016-05-03 00:29,N941AN,67,1131,,A22
AA2292,Y,DTW,DFW,1934,2035,1174,1235,1928,2038,1168.0,1238.0,2.0,Domestic,0,94,A15,,2016-05-02 20:35:00,2016-05-03 00:16:00,2016-05-02 20:38:00,2016-05-03 00:01:00,95,256,2016-05-03 01:38,2016-05-03 04:01,N910NN,56,1132,A20,
AA1300,N,DFW,MSY,1934,2035,1174,1235,1928,2038,1168.0,1238.0,2.0,Domestic,92,0,,A15,2016-05-02 17:47:00,2016-05-02 19:34:00,2016-05-02 17:52:00,2016-05-02 19:28:00,1367,34,2016-05-02 22:52,2016-05-03 00:28,N910NN,58,1133,,A20
AA2321,Y,MCO,DFW,1935,2030,1175,1230,1916,2025,1156.0,1225.0,2.0,Domestic,0,92,C8,,2016-05-02 20:30:00,2016-05-03 00:08:00,2016-05-02 20:25:00,2016-05-03 00:02:00,90,248,2016-05-03 01:25,2016-05-03 04:02,N131NN,58,1134,A28,
AA259,N,DFW,SFO,1935,2030,1175,1230,1916,2025,1156.0,1225.0,2.0,Domestic,100,0,,C8,2016-05-02 13:59:00,2016-05-02 19:35:00,2016-05-02 13:56:00,2016-05-02 19:16:00,1259,35,2016-05-02 20:56,2016-05-03 00:16,N131NN,50,1135,,A28
AA1460,N,DFW,DCA,1936,2030,1176,1230,1922,2029,1162.0,1229.0,2.0,Domestic,95,0,,A22,2016-05-02 17:05:00,2016-05-02 19:36:00,2016-05-02 17:01:00,2016-05-02 19:22:00,1265,36,2016-05-02 21:01,2016-05-03 00:22,N136AN,55,1136,,A10
AA2495,Y,LAX,DFW,1936,2030,1176,1230,1922,2029,1162.0,1229.0,2.0,Domestic,0,106,A22,,2016-05-02 20:30:00,2016-05-02 21:57:00,2016-05-02 20:29:00,2016-05-02 21:50:00,90,297,2016-05-03 01:29,2016-05-03 04:50,N136AN,44,1137,A10,
AA3650,N,DFW,PIA,1943,2015,1183,1215,1925,2008,1165.0,1208.0,3.0,Domestic,75,0,,B4,2016-05-02 17:29:00,2016-05-02 19:43:00,2016-05-02 17:22:00,2016-05-02 19:25:00,1349,43,2016-05-02 22:22,2016-05-03 00:25,N682AE,0,1138,,C8
AA3239,Y,SGF,DFW,1943,2015,1183,1215,1925,2008,1165.0,1208.0,3.0,Domestic,0,75,B4,,2016-05-02 20:15:00,2016-05-02 21:35:00,2016-05-02 20:08:00,2016-05-02 21:19:00,75,155,2016-05-03 01:08,2016-05-03 02:19,N682AE,0,1139,C8,
AA1181,Y,DAY,DFW,1945,2025,1185,1225,1934,2018,1174.0,1218.0,2.0,Domestic,0,90,C14,,2016-05-02 20:25:00,2016-05-02 23:42:00,2016-05-02 20:18:00,2016-05-02 23:27:00,85,222,2016-05-03 01:18,2016-05-03 03:27,N9616G,60,1140,A25,
AA3717,Y,SAV,DFW,1945,2030,1185,1230,1939,2031,1179.0,1231.0,3.0,Domestic,0,75,B11,,2016-05-02 20:30:00,2016-05-02 23:52:00,2016-05-02 20:31:00,2016-05-02 23:51:00,90,232,2016-05-03 01:31,2016-05-03 03:51,N223NN,0,1141,C29,
AA2242,N,DFW,BNA,1945,2025,1185,1225,1934,2018,1174.0,1218.0,2.0,Domestic,124,0,,C14,2016-05-02 17:40:00,2016-05-02 19:45:00,2016-05-02 17:34:00,2016-05-02 19:34:00,1360,45,2016-05-02 22:34,2016-05-03 00:34,N9616G,26,1142,,A25
AA3363,N,DFW,XNA,1945,2030,1185,1230,1939,2031,1179.0,1231.0,3.0,Domestic,75,0,,B11,2016-05-02 18:27:00,2016-05-02 19:45:00,2016-05-02 18:15:00,2016-05-02 19:39:00,1407,45,2016-05-02 23:15,2016-05-03 00:39,N223NN,0,1143,,C29
AA5779,Y,LEX,DFW,1949,2030,1189,1230,2008,2053,1208.0,1253.0,3.0,Domestic,0,75,B29,,2016-05-02 20:30:00,2016-05-02 23:40:00,2016-05-02 20:53:00,2016-05-02 23:43:00,90,220,2016-05-03 01:53,2016-05-03 03:43,N939LR,0,1144,B6,
AA5746,N,DFW,SDF,1949,2030,1189,1230,2008,2053,1208.0,1253.0,3.0,Domestic,75,0,,B29,2016-05-02 18:24:00,2016-05-02 19:49:00,2016-05-02 18:54:00,2016-05-02 20:08:00,1344,49,2016-05-02 22:54,2016-05-03 01:08,N939LR,0,1145,,B6
AA2210,N,DFW,SAT,1958,2028,1198,1228,1933,2028,1173.0,1228.0,2.0,,127,0,,C26,2016-05-02 18:45:00,2016-05-02 19:58:00,2016-05-02 18:30:00,2016-05-02 19:33:00,1425,58,2016-05-02 23:30,2016-05-03 00:33,N7548A,23,1146,,A16
AA1408,Y,OKC,DFW,1959,2040,1199,1240,1940,2035,1180.0,1235.0,2.0,Domestic,0,54,C27,,2016-05-02 20:40:00,2016-05-02 21:40:00,2016-05-02 20:35:00,2016-05-02 21:25:00,100,160,2016-05-03 01:35,2016-05-03 02:25,N571AA,96,1147,A14,
AA1221,N,DFW,AUS,1959,2040,1199,1240,1940,2035,1180.0,1235.0,2.0,Domestic,132,0,,C27,2016-05-02 18:52:00,2016-05-02 19:59:00,2016-05-02 18:46:00,2016-05-02 19:40:00,1432,59,2016-05-02 23:46,2016-05-03 00:40,N571AA,18,1148,,A14
AA5629,Y,JAN,DFW,2002,2045,1202,1245,1950,2039,1190.0,1239.0,3.0,Domestic,0,75,B49,,2016-05-02 20:45:00,2016-05-02 22:08:00,2016-05-02 20:39:00,2016-05-02 22:04:00,105,188,2016-05-03 01:39,2016-05-03 03:04,N953LR,0,1149,B7,
AA5825,N,DFW,CID,2002,2045,1202,1245,1950,2039,1190.0,1239.0,3.0,Domestic,75,0,,B49,2016-05-02 17:45:00,2016-05-02 20:02:00,2016-05-02 17:41:00,2016-05-02 19:50:00,1365,62,2016-05-02 22:41,2016-05-03 00:50,N953LR,0,1150,,B7
AA3203,N,DFW,LIT,2004,2034,1204,1234,1946,2034,1186.0,1234.0,3.0,,75,0,,B7,2016-05-02 18:37:00,2016-05-02 20:04:00,2016-05-02 18:32:00,2016-05-02 19:46:00,1417,64,2016-05-02 23:32,2016-05-03 00:46,N220NN,0,1151,,C27
AA2458,N,DFW,PIT,2005,2035,1205,1235,1950,2214,1190.0,1334.0,2.0,Domestic,120,0,,C21,2016-05-02 18:00:00,2016-05-02 20:05:00,2016-05-02 17:54:00,2016-05-02 19:50:00,1320,65,2016-05-02 21:54,2016-05-03 00:50,N962TW,30,1152,,A15
AA721,N,DFW,CLT,2006,2200,1206,1320,1959,2158,1199.0,1318.0,2.0,,138,0,,C35,2016-05-02 18:15:00,2016-05-02 20:06:00,2016-05-02 18:14:00,2016-05-02 19:59:00,1335,66,2016-05-02 22:14,2016-05-03 00:59,N510UW,12,1153,,A13
AA576,Y,LAS,DFW,2006,2200,1206,1320,2030,2158,1230.0,1318.0,2.0,Domestic,0,88,C35,,2016-05-02 22:00:00,2016-05-02 22:58:00,2016-05-02 21:58:00,2016-05-02 22:59:00,180,358,2016-05-03 02:58,2016-05-03 05:59,N510UW,62,1154,A13,
AA2349,N,DFW,ORD,2013,2043,1213,1243,2010,2043,1210.0,1243.0,2.0,,139,0,,A29,2016-05-02 17:40:00,2016-05-02 20:13:00,2016-05-02 17:33:00,2016-05-02 20:10:00,1360,73,2016-05-02 22:33,2016-05-03 01:10,N928NN,11,1155,,C26
AA2203,Y,MEX,DFW,2020,2150,1220,1310,2020,2203,1220.0,1323.0,2.0,,0,150,C29,,2016-05-02 21:50:00,2016-05-03 00:26:00,2016-05-02 22:03:00,2016-05-03 00:40:00,170,326,2016-05-03 03:03,2016-05-03 05:40,N8009T,0,1156,C21,
AA3682,Y,SGF,DFW,2020,2150,1220,1310,2020,2147,1220.0,1307.0,3.0,Domestic,0,75,B41,,2016-05-02 21:50:00,2016-05-02 23:08:00,2016-05-02 21:47:00,2016-05-02 23:00:00,170,248,2016-05-03 02:47,2016-05-03 04:00,N644AE,0,1157,C31,
AA3319,N,DFW,JAN,2022,2052,1222,1252,1954,2052,1194.0,1252.0,3.0,Domestic,75,0,,B28,2016-05-02 18:45:00,2016-05-02 20:22:00,2016-05-02 18:30:00,2016-05-02 19:54:00,1425,82,2016-05-02 23:30,2016-05-03 00:54,N692AE,0,1158,,C4
AA5707,Y,LBB,DFW,2024,2210,1224,1330,2117,2204,1277.0,1324.0,3.0,Domestic,0,75,B29,,2016-05-02 22:10:00,2016-05-02 23:19:00,2016-05-02 22:04:00,2016-05-02 23:14:00,190,259,2016-05-03 03:04,2016-05-03 04:14,N245LR,0,1159,B9,
AA5701,N,DFW,IAH,2024,2210,1224,1330,2117,2204,1277.0,1324.0,3.0,Domestic,75,0,,B29,2016-05-02 18:59:00,2016-05-02 20:24:00,2016-05-02 20:17:00,2016-05-02 21:17:00,1439,84,2016-05-03 01:17,2016-05-03 02:17,N245LR,0,1160,,B9
AA2837,Y,SPS,DFW,2025,2155,1225,1315,2025,2148,1225.0,1308.0,3.0,Domestic,0,31,B43,,2016-05-02 21:55:00,2016-05-02 22:47:00,2016-05-02 21:48:00,2016-05-02 22:38:00,175,227,2016-05-03 02:48,2016-05-03 03:38,N687JS,44,1161,B11,
AA2836,Y,LAW,DFW,2025,2155,1225,1315,2025,,1225.0,,3.0,Domestic,0,53,B31,,2016-05-02 21:55:00,2016-05-02 22:48:00,,,175,228,,,N675AE,22,1162,A35,
AA207,N,DFW,MIA,2028,2058,1228,1258,2334,2058,1414.0,2698.0,,,-25,0,,A15,2016-05-02 18:10:00,2016-05-02 20:28:00,2016-05-02 21:26:00,2016-05-02 23:34:00,1330,88,2016-05-03 01:26,2016-05-03 04:34,N187AN,25,1163,,A39
AA3135,N,DFW,AEX,2029,2059,1229,1259,2006,2059,1206.0,1259.0,3.0,,75,0,,B16,2016-05-02 19:10:00,2016-05-02 20:29:00,2016-05-02 18:57:00,2016-05-02 20:06:00,10,89,2016-05-02 23:57,2016-05-03 01:06,N856AE,0,1164,,B28
AA2324,N,DFW,RIC,2035,2200,1235,1320,2049,2154,1249.0,1314.0,2.0,Domestic,111,0,,C15,2016-05-02 18:16:00,2016-05-02 20:35:00,2016-05-02 18:16:00,2016-05-02 20:49:00,1336,95,2016-05-02 22:16,2016-05-03 01:49,N9630A,39,1165,,C11
AA5743,N,DFW,TUL,2035,2155,1235,1315,2025,2157,1225.0,1317.0,3.0,,75,0,,B40,2016-05-02 19:20:00,2016-05-02 20:35:00,2016-05-02 19:16:00,2016-05-02 20:25:00,20,95,2016-05-03 00:16,2016-05-03 01:25,N947LR,0,1166,,C24
AA2378,Y,ORD,DFW,2035,2200,1235,1320,2049,2154,1249.0,1314.0,2.0,Domestic,0,129,C15,,2016-05-02 22:00:00,2016-05-03 00:23:00,2016-05-02 21:54:00,2016-05-02 23:56:00,180,323,2016-05-03 02:54,2016-05-03 04:56,N9630A,21,1167,C11,
AA5744,Y,ABQ,DFW,2035,2155,1235,1315,2025,2157,1225.0,1317.0,3.0,Domestic,0,75,B40,,2016-05-02 21:55:00,2016-05-02 22:41:00,2016-05-02 21:57:00,2016-05-02 22:56:00,175,281,2016-05-03 02:57,2016-05-03 04:56,N947LR,0,1168,C24,
AA3716,Y,CRP,DFW,2035,2205,1235,1325,2035,2205,1235.0,1325.0,3.0,Domestic,0,75,B9A,,2016-05-02 22:05:00,2016-05-02 23:28:00,2016-05-02 22:05:00,2016-05-02 23:25:00,185,268,2016-05-03 03:05,2016-05-03 04:25,N225NN,0,1169,A22,
AA1260,N,DFW,DTW,2037,2107,1237,1267,2042,2107,1242.0,1267.0,2.0,Domestic,118,0,,C20,2016-05-02 18:40:00,2016-05-02 20:37:00,2016-05-02 18:37:00,2016-05-02 20:42:00,1360,97,2016-05-02 22:37,2016-05-03 01:42,N7528A,32,1170,,C27
AA5840,Y,FSM,DFW,2038,2155,1238,1315,2034,2148,1234.0,1308.0,3.0,Domestic,0,75,B25,,2016-05-02 21:55:00,2016-05-02 22:58:00,2016-05-02 21:48:00,2016-05-02 22:50:00,175,238,2016-05-03 02:48,2016-05-03 03:50,N922FJ,0,1171,B10,
AA5836,N,DFW,GSP,2038,2155,1238,1315,2034,2148,1234.0,1308.0,3.0,Domestic,75,0,,B25,2016-05-02 18:55:00,2016-05-02 20:38:00,2016-05-02 18:51:00,2016-05-02 20:34:00,1375,98,2016-05-02 22:51,2016-05-03 01:34,N922FJ,0,1172,,B10
AA1581,N,DFW,BDL,2040,2110,1240,1270,2059,2110,1259.0,1270.0,2.0,Domestic,96,0,,A14,2016-05-02 17:33:00,2016-05-02 20:40:00,2016-05-02 17:48:00,2016-05-02 20:59:00,1293,100,2016-05-02 21:48,2016-05-03 01:59,N988NN,54,1173,,A15
AA74,N,DFW,MEM,2040,2110,1240,1270,2041,2110,1241.0,1270.0,2.0,Domestic,113,0,,C24,2016-05-02 18:58:00,2016-05-02 20:40:00,2016-05-02 19:02:00,2016-05-02 20:41:00,1438,100,2016-05-03 00:02,2016-05-03 01:41,N494AA,37,1174,,B6
AA3136,N,DFW,MLI,2042,2150,1242,1310,2027,2143,1227.0,1303.0,3.0,,75,0,,B46,2016-05-02 18:26:00,2016-05-02 20:42:00,2016-05-02 18:14:00,2016-05-02 20:27:00,1406,102,2016-05-02 23:14,2016-05-03 01:27,N637AE,0,1175,,B40
AA3502,Y,GCK,DFW,2042,2150,1242,1310,2027,2143,1227.0,1303.0,3.0,Domestic,0,75,B46,,2016-05-02 21:50:00,2016-05-02 23:19:00,2016-05-02 21:43:00,2016-05-02 23:25:00,170,259,2016-05-03 02:43,2016-05-03 04:25,N637AE,0,1176,B40,
AA3445,Y,ABI,DFW,2044,2150,1244,1310,2027,2145,1227.0,1305.0,3.0,Domestic,0,75,B35,,2016-05-02 21:50:00,2016-05-02 22:41:00,2016-05-02 21:45:00,2016-05-02 22:33:00,170,221,2016-05-03 02:45,2016-05-03 03:33,N813AE,0,1177,C8,
AA3224,N,DFW,GPT,2044,2150,1244,1310,2027,2145,1227.0,1305.0,3.0,Domestic,75,0,,B35,2016-05-02 18:53:00,2016-05-02 20:44:00,2016-05-02 18:49:00,2016-05-02 20:27:00,1433,104,2016-05-02 23:49,2016-05-03 01:27,N813AE,0,1178,,C8
AA25,N,DFW,PHL,2046,2116,1246,1276,2325,2116,1405.0,2716.0,2.0,Domestic,130,0,,A19,2016-05-02 17:55:00,2016-05-02 20:46:00,2016-05-02 20:34:00,2016-05-02 23:25:00,1315,106,2016-05-03 00:34,2016-05-03 04:25,N912NN,20,1179,,C26
AA2734,N,DFW,DEN,2047,2155,1247,1315,2033,2157,1233.0,1317.0,2.0,Domestic,134,0,,A8,2016-05-02 17:45:00,2016-05-02 20:47:00,2016-05-02 17:40:00,2016-05-02 20:33:00,1425,107,2016-05-02 23:40,2016-05-03 01:33,N938NN,16,1180,,C14
AA2427,Y,ONT,DFW,2047,2155,1247,1315,2033,2157,1233.0,1317.0,2.0,Domestic,0,42,A8,,2016-05-02 21:55:00,2016-05-02 23:06:00,2016-05-02 21:57:00,2016-05-02 23:22:00,175,366,2016-05-03 02:57,2016-05-03 06:22,N938NN,108,1181,C14,
AA3266,Y,AEX,DFW,2048,2150,1248,1310,2046,2151,1246.0,1311.0,3.0,Domestic,0,75,B3,,2016-05-02 21:50:00,2016-05-02 22:58:00,2016-05-02 21:51:00,2016-05-02 23:01:00,170,238,2016-05-03 02:51,2016-05-03 04:01,N620AE,0,1182,C10,
AA3289,N,DFW,CVG,2048,2150,1248,1310,2046,2151,1246.0,1311.0,3.0,Domestic,75,0,,B3,2016-05-02 19:10:00,2016-05-02 20:48:00,2016-05-02 19:02:00,2016-05-02 20:46:00,1390,108,2016-05-02 23:02,2016-05-03 01:46,N620AE,0,1183,,C10
AA1159,N,DFW,SAN,2049,2200,1249,1320,2033,2155,1233.0,1315.0,2.0,Domestic,139,0,,A25,2016-05-02 15:55:00,2016-05-02 20:49:00,2016-05-02 15:49:00,2016-05-02 20:33:00,1375,109,2016-05-02 22:49,2016-05-03 01:33,N155NN,11,1184,,C12
AA3183,N,DFW,OKC,2049,2210,1249,1330,2039,2201,1239.0,1321.0,3.0,,75,0,,B15,2016-05-02 19:46:00,2016-05-02 20:49:00,2016-05-02 19:48:00,2016-05-02 20:39:00,46,109,2016-05-03 00:48,2016-05-03 01:39,N604AE,0,1185,,C29
AA3392,Y,CLL,DFW,2049,2210,1249,1330,2039,2201,1239.0,1321.0,3.0,Domestic,0,75,B15,,2016-05-02 22:10:00,2016-05-02 23:02:00,2016-05-02 22:01:00,2016-05-02 22:53:00,190,242,2016-05-03 03:01,2016-05-03 03:53,N604AE,0,1186,C29,
AA1273,Y,SFO,DFW,2049,2200,1249,1320,2033,2155,1233.0,1315.0,2.0,Domestic,0,69,A25,,2016-05-02 22:00:00,2016-05-02 23:49:00,2016-05-02 21:55:00,2016-05-02 23:44:00,180,409,2016-05-03 02:55,2016-05-03 06:44,N155NN,81,1187,C12,
AA1023,Y,LAX,DFW,2050,2220,1250,1340,2050,2224,1250.0,1344.0,2.0,Domestic,0,84,A19,,2016-05-02 22:20:00,2016-05-02 23:43:00,2016-05-02 22:24:00,2016-05-02 23:42:00,200,403,2016-05-03 03:24,2016-05-03 06:42,N148AN,66,1188,A11,
AA2840,Y,BRO,DFW,2050,2220,1250,1340,2121,2210,1281.0,1330.0,3.0,Domestic,0,51,B27,,2016-05-02 22:20:00,2016-05-02 23:56:00,2016-05-02 22:10:00,2016-05-02 23:45:00,200,296,2016-05-03 03:10,2016-05-03 04:45,N677AE,24,1189,A23,
AA1163,N,DFW,CLT,2050,2205,1250,1325,2057,2204,1257.0,1324.0,2.0,Domestic,126,0,,C7,2016-05-02 18:56:00,2016-05-02 20:50:00,2016-05-02 19:07:00,2016-05-02 20:57:00,1376,110,2016-05-02 23:07,2016-05-03 01:57,N961NN,24,1190,,A14
AA79,Y,SLC,DFW,2050,2205,1250,1325,2057,2204,1257.0,1324.0,2.0,Domestic,0,68,C7,,2016-05-02 22:05:00,2016-05-02 23:52:00,2016-05-02 22:04:00,2016-05-02 23:55:00,185,352,2016-05-03 03:04,2016-05-03 05:55,N961NN,82,1191,A14,
AA2258,Y,IAH,DFW,2052,2155,1252,1315,2047,2149,1247.0,1309.0,2.0,Domestic,0,106,C16,,2016-05-02 21:55:00,2016-05-02 23:06:00,2016-05-02 21:49:00,2016-05-02 22:48:00,175,246,2016-05-03 02:49,2016-05-03 03:48,N487AA,44,1192,B29,
AA1382,N,DFW,IND,2052,2155,1252,1315,2047,2149,1247.0,1309.0,2.0,,108,0,,C16,2016-05-02 19:30:00,2016-05-02 20:52:00,2016-05-02 19:20:00,2016-05-02 20:47:00,1410,112,2016-05-02 23:20,2016-05-03 01:47,N487AA,42,1193,,B29
AA1106,N,DFW,BWI,2053,2123,1253,1283,247,2123,167.0,1283.0,2.0,,99,0,,C7,2016-05-02 18:20:00,2016-05-02 20:53:00,2016-05-02 23:55:00,2016-05-03 02:47:00,1340,113,2016-05-03 03:55,2016-05-03 07:47,N864NN,51,1194,,C6
AA5721,N,DFW,ABQ,2054,2200,1254,1320,2038,2150,1238.0,1310.0,3.0,Domestic,75,0,,B45,2016-05-02 18:10:00,2016-05-02 20:54:00,2016-05-02 17:58:00,2016-05-02 20:38:00,10,114,2016-05-02 23:58,2016-05-03 01:38,N912FJ,0,1195,,C30
AA5828,Y,HOU,DFW,2054,2200,1254,1320,2038,2150,1238.0,1310.0,3.0,Domestic,0,75,B45,,2016-05-02 22:00:00,2016-05-02 23:11:00,2016-05-02 21:50:00,2016-05-02 22:55:00,180,251,2016-05-03 02:50,2016-05-03 03:55,N912FJ,0,1196,C30,
AA2367,Y,COS,DFW,2055,2155,1255,1315,2053,2151,1253.0,1311.0,2.0,Domestic,0,47,C31,,2016-05-02 21:55:00,2016-05-02 22:50:00,2016-05-02 21:51:00,2016-05-02 22:36:00,175,290,2016-05-03 02:51,2016-05-03 04:36,N470AA,103,1197,B7,
AA1401,Y,SAT,DFW,2055,2225,1255,1345,2055,2214,1255.0,1334.0,2.0,Domestic,0,98,C21,,2016-05-02 22:25:00,2016-05-02 23:32:00,2016-05-02 22:14:00,2016-05-02 23:24:00,205,272,2016-05-03 03:14,2016-05-03 04:24,N962TW,52,1198,C22,
AA2208,N,DFW,CLE,2055,2125,1255,1285,2054,2125,1254.0,1285.0,2.0,Domestic,114,0,,C17,2016-05-02 18:55:00,2016-05-02 20:55:00,2016-05-02 18:53:00,2016-05-02 20:54:00,1375,115,2016-05-02 22:53,2016-05-03 01:54,N570AA,36,1199,,C4
AA1040,N,DFW,YYZ,2055,2155,1255,1315,2053,2151,1253.0,1311.0,2.0,,150,0,,C31,2016-05-02 18:23:00,2016-05-02 20:55:00,2016-05-02 18:33:00,2016-05-02 20:53:00,1343,115,2016-05-02 22:33,2016-05-03 01:53,N470AA,0,1200,,B7
